48555326 99068231 1.985473976 112382 49
49212625 99069064 1.978313994 109468 49
49242517 99078397 1.992374455 102212 49
49336381 99084333 1.964281203 106905 49
49383929 99068936 1.953432475 111634 49
49398426 99067358 1.958345350 114487 49
49456881 99112842 1.970112348 105840 49
49627647 99093979 1.984879671 102199 50
49696497 99064987 1.931152378 103917 50
49959782 99097675 1.975862308 108704 50
50007126 99085016 2.001654386 108884 50
50081686 99063697 1.979328606 105498 50
50132610 99047772 1.983512888 106436 50
50308824 99085959 1.920793975 107716 50
50491816 99029770 1.917364467 107560 50
52695374 99110268 2.043542894 102308 53
56371423 99112441 2.046591826 106813 56
57106822 99142509 2.062728509 104845 57
62029613 99169621 2.139952259 102534 62
62903950 99158034 2.185086390 104121 63
