65458344 99105006 2.128251929 106650 66
65499677 99122672 2.147334227 110609 66
65503102 99081404 2.127950568 105647 66
65531442 99127808 2.155153367 107102 66
65563084 99130884 2.150394933 108443 66
65563152 99124530 2.177096935 108336 66
65585043 99107356 2.137818535 108367 66
65605289 99099104 2.268161338 109997 66
65644917 99120779 2.142240126 106535 66
65686739 99114649 2.138939699 105657 66
65690028 99132495 2.167723314 106681 66
65752247 99128140 2.157551068 105900 66
65760871 99115863 2.189014839 108649 66
65781253 99139536 2.165834377 105936 66
65839434 99145746 2.134786253 111296 66
65874835 99087390 2.173492098 107479 66
66008702 99150136 2.170371163 106621 66
66095160 99140173 2.151934594 108050 66
66183004 99120586 2.133883630 108642 66
66217920 99150066 2.194267590 113618 66
