48405778 99063157 1.971199988 105537 48
48873337 99049058 1.976589309 106198 49
49103779 99082255 1.977183779 104730 49
49255514 99066648 1.968884583 111107 49
49315845 99029670 1.971115505 106278 49
49341423 99101730 1.985536360 107112 49
49356707 99050979 1.997381888 103197 49
49572060 99055795 1.993646519 106347 50
49633703 99087936 1.996828472 107656 50
49852087 99105595 2.032682461 106493 50
49906230 99070911 1.980487668 107750 50
49909769 99065200 1.962753835 108204 50
49998565 99045747 2.054757898 107301 50
50136663 99089998 1.980345260 107367 50
50140156 99094933 1.987450260 108212 50
53057291 99135443 2.027539032 105567 53
54479367 99117580 2.039381133 108255 54
55608396 99151852 2.062655800 103590 56
56549476 99120880 2.089811262 107213 57
58946716 99197303 2.121089240 103756 59
