48524664 99061256 1.983908286 105783 48
48564840 99053772 1.920877587 106474 49
48820270 99031602 1.939431738 103689 49
49018618 99042635 1.953058883 103026 49
49039310 99079670 1.959538833 107681 49
49118112 99065442 1.979978720 107602 49
49162173 99102092 2.042545059 103309 49
49177160 99036463 1.973051891 103068 49
49249202 99065462 1.959988157 106251 49
49310145 99095609 1.973811309 102818 49
49351779 99081262 1.991802896 106592 49
49374542 99045117 1.988267647 107072 49
49546589 99072115 1.959639419 108873 50
49549264 99047460 1.998695586 102114 50
49754384 99101134 2.008777606 107035 50
49768993 99042368 1.964244834 105098 50
51151435 99091394 2.032155543 106976 51
54379470 99127693 2.060306668 104152 54
56863447 99175731 2.142098477 104989 57
59502086 99190969 2.127386672 108512 59
