48489642 99057264 1.936998297 103591 48
48564871 99082014 1.954062890 109307 49
48603820 99038191 1.948350184 107835 49
48620430 99049197 1.930072184 106954 49
48730442 99078968 1.980483499 104167 49
48795481 99066302 1.974134096 105836 49
48803822 99066678 1.915466583 109803 49
48921979 99053272 1.919885429 108770 49
49440779 99094613 2.005063225 105140 49
49471088 99080623 1.968357020 106369 49
49478784 99040680 1.991074239 106600 49
49668477 99096869 2.222633428 107021 50
49839920 99074903 1.984092913 108212 50
49999002 99094722 2.070270990 108918 50
50026643 99100495 1.977578326 107461 50
50621453 99114886 1.992929520 104285 51
54538444 99124847 2.032825216 105461 55
55503612 99157702 2.054518158 103257 55
58777037 99200928 2.137854183 103558 59
59802091 99189549 2.147500464 107996 60
