48369813 99065097 1.920098338 105935 48
48482884 99091772 1.983080998 110862 48
48551475 99089772 2.001282475 106149 48
49005032 99041458 1.966067671 105354 49
49067700 99071103 1.960284361 108482 49
49137376 99104923 1.982616379 109160 49
49143394 99083821 1.962501917 109153 49
49210129 99051302 1.996782946 105168 49
49602106 99099138 2.009724288 106695 50
49621871 99098225 1.977343998 106909 50
50194703 99029837 2.009147242 104240 50
50603152 99094761 2.026590392 103016 51
50621135 99149059 1.981233712 110340 51
50670015 99140473 2.010562860 106367 51
50671084 99095576 1.987982276 107555 51
50867656 99102135 2.271984291 108394 51
52640710 99141669 2.035573242 102662 53
53066155 99130105 2.054269358 107186 53
55426396 99159232 2.055391118 105201 55
56024276 99152150 2.042531818 105932 56
