55096984 99147692 2.093227123 113079 55
55107540 99132450 2.071946345 108529 55
55331241 99136064 2.090399319 108912 55
55423980 99154637 2.079963925 104799 55
55497322 99107767 2.096166856 109426 55
55514830 99076408 2.066206701 109380 56
55582550 99087411 2.056460491 107247 56
55600612 99109223 2.083895541 111586 56
55658203 99139243 2.075919948 104650 56
55662160 99131841 2.067184192 108405 56
55677500 99115542 2.098051666 108877 56
55706939 99095388 2.090922544 106942 56
55834487 99163163 2.091475389 111981 56
55865987 99133334 2.088353890 108642 56
55958749 99090282 2.101498301 109626 56
55982943 99125593 2.074659360 110725 56
57408106 99169761 2.145182563 106694 57
58721710 99211093 2.108725633 109563 59
64716477 99242306 2.229448441 112494 65
71469952 99332824 2.329732547 110601 71
