48703074 99098503 2.016984572 104010 49
48716213 99039797 1.983376061 106903 49
48787977 99096317 2.024192727 108081 49
49009052 99082186 2.031999912 105193 49
49044491 99067748 1.985055285 105467 49
49073363 99118258 2.021372206 105959 49
49077047 99073690 2.020685934 104227 49
49096443 99086245 2.033450089 102949 49
49196675 99098277 2.023464750 106333 49
49414428 99102876 2.012831738 105175 49
49525596 99063225 1.985891422 105844 49
49539915 99093311 2.019704244 104893 49
49581731 99064987 2.000242515 107323 50
49652650 99121923 2.032153580 106993 50
49653216 99065679 1.964506043 103602 50
49675253 99106408 2.023603488 107439 50
49906759 99092037 2.041232226 106926 50
52198944 99104193 2.025720178 109299 52
56736755 99151438 2.155586203 109382 57
61672378 99185218 2.147297043 104667 62
