48632426 99058902 1.941385841 106696 49
48816320 99070776 1.969349919 108161 49
48821528 99098177 2.009013277 105341 49
48842573 99071952 1.985222861 110738 49
48900781 99054830 2.013012895 107066 49
48934187 99113346 1.996927935 103967 49
49032782 99084661 1.996480928 103933 49
49052445 99079441 1.964634610 104015 49
49222645 99095900 2.014887700 105027 49
49453676 99093151 2.219713475 109138 49
49822253 99097291 1.964854811 102632 50
49937444 99090586 2.015041008 106999 50
50307935 99100949 2.035473933 102850 50
51237910 99079208 2.026748829 105471 51
51921535 99100083 2.046251367 107262 52
53820226 99114730 2.034432476 107592 54
59559617 99176274 2.157198559 104928 60
61467168 99176125 2.147134583 106281 61
61875082 99244776 2.206945102 104213 62
66774705 99208157 2.216781146 106676 67
