48701367 99039569 1.942399412 107121 49
48765458 99063372 2.058535661 105616 49
48861765 99055463 1.955255741 110873 49
48892992 99022679 1.967625994 107752 49
49006952 99039418 2.038902770 107336 49
49053513 99029258 1.940078193 103555 49
49127100 99089529 2.000804027 105765 49
49188334 99059711 1.945138852 108467 49
49192410 99032417 1.996714039 109108 49
49199073 99074136 1.946866751 109344 49
49285733 99062582 2.096360310 107677 49
49288261 99087558 1.996347261 106946 49
49320704 99078708 1.987749400 108302 49
49348559 99037118 1.976118484 108047 49
49349040 99084557 2.002875837 109117 49
49509232 99088868 1.978548342 105260 49
49515786 99053758 1.943592635 105093 49
49600538 99092795 1.991283060 105505 50
49609061 99078242 1.984375059 103562 50
50001311 99080888 1.976102273 104006 50
