58451709 99131536 2.117195955 107266 58
59042879 99120808 2.126560676 110307 59
59047666 99097052 2.086110496 107822 59
59116277 99133747 2.129182321 107901 59
59167996 99124339 2.107497473 105121 59
59252672 99133774 2.104088727 110000 59
59288925 99119842 2.093648677 108082 59
59307292 99143001 2.118606605 107724 59
59465815 99123090 2.149361632 107348 59
59831913 99142651 2.091616473 107955 60
59854423 99164989 2.126149322 107940 60
60057379 99116112 2.133398556 107196 60
60226856 99148672 2.138276938 112445 60
60717937 99133461 2.159239689 109841 61
61306617 99149730 2.131542011 113529 61
64919013 99245938 2.190337176 110203 65
65854006 99252547 2.203404739 109083 66
66840649 99235656 2.193727399 106660 67
67544721 99218428 2.201807161 104936 68
70133062 99224509 2.224873369 107474 70
