48610831 99107236 1.976546728 107770 49
48912994 99107468 1.984348315 109790 49
48947581 99085243 1.992583769 107413 49
49039616 99096746 2.004098914 109343 49
49098255 99134159 2.023514869 107875 49
49178731 99125685 2.005474354 107642 49
49218376 99128254 2.012435765 109194 49
49275428 99139847 2.025330995 107551 49
49310192 99108914 2.017559230 105810 49
49318551 99120563 2.001962962 109003 49
49649811 99133375 2.037158727 106572 50
49967126 99154197 2.046896363 108753 50
50220029 99130062 2.017058260 105717 50
50467166 99113264 2.023430282 106790 50
55135831 99127704 2.073960498 107977 55
55268080 99204285 2.154853483 108321 55
55369892 99172167 2.049021600 107070 55
57344321 99216594 2.103649618 108871 57
58069275 99232480 2.148992302 105972 58
58692775 99179787 2.142610699 104839 59
