48711473 99042147 1.932847162 107234 49
48782808 99071889 1.966455668 106704 49
48895252 99043179 1.961702177 104441 49
48955426 99085178 1.986414691 109388 49
49008584 99077979 1.907320637 106063 49
49136107 99067458 1.988816816 107069 49
49198434 99076802 1.984014643 106688 49
49206123 99078048 1.974842679 104854 49
49206908 99047438 2.031565560 106732 49
49228087 99060636 1.972850791 109090 49
49301286 99056138 1.970712312 108759 49
49329309 99084008 1.965629558 103906 49
49422110 99073250 1.976341599 105830 49
49424477 99071864 1.948638139 104491 49
49545652 99067045 1.976181333 106678 50
49583545 99028949 1.975421372 106372 50
49840787 99112433 1.984447616 100578 50
50222162 99094663 1.997896185 103482 50
50530843 99107879 2.018125227 107559 50
51080281 99129337 2.019725326 105749 51
