49065370 99032438 1.958934233 109816 49
49167430 99064863 1.965731821 106308 49
49483749 99096211 2.022567353 107126 49
49608000 99038427 1.955058419 108985 50
49679093 99061878 1.995451016 106883 50
49769838 99114346 1.983555876 106721 50
49886089 99091998 1.996984135 103717 50
49917630 99089435 1.975172379 103661 50
50124360 99044114 1.971689736 108496 50
50480265 99078137 1.976591121 105814 50
50636620 99085030 2.019955210 104679 51
50753914 99139840 2.007145808 108492 51
50930024 99109222 2.016194212 105822 51
52654492 99127287 2.095393060 106749 53
53803824 99077956 2.052342587 104219 54
54320939 99146757 2.074566294 108336 54
57110407 99139684 2.137003723 105091 57
59442329 99185846 2.137526130 109859 59
59851004 99166214 2.178340909 109601 60
61698730 99155049 2.164687945 103557 62
