63663760 99135239 2.142975200 111534 64
63707780 99092554 2.144925949 108410 64
63829084 99117566 2.151991041 110555 64
63856792 99112098 2.124067624 110374 64
63908588 99107115 2.160114033 109076 64
63933573 99088443 2.118595238 110746 64
63939718 99124315 2.132417564 108503 64
63947652 99145920 2.177089296 106660 64
63977812 99107823 2.136339496 108736 64
63987054 99105256 2.141541913 111638 64
63993245 99153414 2.239330291 112933 64
63997620 99118778 2.141070582 110150 64
64002362 99126187 2.114133208 110624 64
64014948 99148936 2.173964074 111350 64
64028317 99143031 2.178317339 111697 64
64061873 99116910 2.152415431 109860 64
64086593 99167858 2.198211218 110256 64
64161552 99112065 2.166583048 112670 64
64283353 99163309 2.175147068 107712 64
64454900 99170038 2.322381680 113144 64
