48633896 99066293 1.984331989 108575 49
48797769 99064746 1.977315759 108115 49
48902722 99091786 1.970948949 107043 49
48904671 99100887 1.983150356 107903 49
48931438 99042059 1.956597468 111099 49
48951242 99095813 1.979674604 105124 49
49058405 99070192 1.974816862 106330 49
49106490 99060980 1.944396681 105187 49
49139287 99079319 1.978413765 107830 49
49146946 99046293 1.981749362 107217 49
49188527 99076270 1.968983180 108530 49
49260514 99071393 1.928758983 105998 49
49316469 99074911 1.976596871 109315 49
49350201 99066015 1.992657704 106682 49
49366129 99060552 1.944895317 110731 49
49441209 99098610 2.002985653 106619 49
49470458 99094641 2.051442016 108807 49
49596568 99095283 2.029649740 105062 50
49624738 99078782 1.985316256 105513 50
49681483 99092182 1.978967763 104492 50
