48791021 99086140 1.973975397 104626 49
48797577 99071618 1.952737399 108473 49
48912807 99042360 1.972381072 110290 49
48932171 99030428 1.954702122 102919 49
49017229 99023334 2.014294327 105669 49
49079368 99038900 1.982512931 109169 49
49150171 99070759 1.979681159 103673 49
49167598 99063010 1.963274389 107217 49
49244960 99013452 1.960242463 104082 49
49263278 99074818 1.982910985 107172 49
49276547 99067730 1.968416029 110415 49
49313326 99042644 1.969786598 108071 49
49329204 99038170 1.975030359 106674 49
49337110 99041074 1.981299018 104295 49
49415428 99039429 1.977588136 106918 49
49588174 99063063 1.964104858 108682 50
49685812 99084931 1.986104449 109556 50
49702784 99088519 1.987643707 105963 50
49772730 99085443 1.993819213 108401 50
49834644 99085049 1.993423102 108043 50
