48407664 99148296 1.994842846 108732 48
48440486 99133834 2.007056495 108600 48
48455052 99088625 1.976111541 109181 48
48545641 99135902 2.037493672 108242 48
48551384 99138999 1.983050046 107825 48
48562990 99106581 1.995261113 113235 49
48584172 99122624 2.010343960 107592 49
48592256 99122850 2.065325417 107271 49
48603279 99141464 2.010629933 105199 49
48604516 99065245 1.989220840 110701 49
48615926 99076630 2.003201880 108180 49
48646725 99095816 2.050314664 111378 49
48685956 99145608 2.027924700 110333 49
48803249 99103279 2.022705440 108616 49
48854511 99096220 2.021253897 105270 49
48899048 99108785 2.006922337 107737 49
48923299 99116318 1.983382518 109009 49
48983844 99118467 2.017583309 107540 49
49182675 99075053 2.017772487 108557 49
49207888 99149047 2.005764023 110452 49
