83100733 99137973 2.228494399 114556 83
83147741 99137624 2.204216858 110448 83
83184895 99193533 2.241249637 113143 83
83211936 99233297 2.257598194 112882 83
83219920 99108839 2.237204832 113963 83
83227767 99121711 2.226294371 114577 83
83244488 99163113 2.210213021 114955 83
83246957 99159752 2.230004414 113822 83
83250125 99179090 2.285476767 117110 83
83304693 99176883 2.243667283 114724 83
83342626 99180093 2.272954237 109164 84
83392073 99209989 2.314943633 119086 84
83523340 99201200 2.438549065 111038 84
83577832 99156480 2.437652761 111739 84
84353674 99262124 2.290353265 113269 84
85030868 99344878 2.285854482 112305 85
85210816 99328155 2.291259674 114553 85
85487179 99184732 2.333949844 109867 86
85883528 99305572 2.295467136 108292 86
87515371 99330262 2.368187195 116302 88
