73819802 99077225 2.154506389 108709 74
74006523 99115347 2.219914320 111607 74
74033789 99117180 2.206434170 112556 74
74034996 99126822 2.216105639 109786 74
74042239 99103205 2.216906403 109823 74
74042782 99120502 2.194345615 105976 74
74146767 99126882 2.196164162 105805 74
74208382 99126084 2.310925875 110540 74
74323549 99108671 2.179027142 109535 74
74461434 99097347 2.230935985 108454 75
75103370 99140421 2.193796911 109204 75
76098922 99180745 2.230225465 108800 76
76956580 99219884 2.291254065 112642 77
77233144 99216895 2.251089931 108017 77
78024484 99250479 2.297995179 110473 78
78905468 99226802 2.339964087 110134 79
79260398 99206059 2.322695382 109460 79
79278337 99217359 2.286667726 109486 79
80291328 99320184 2.342745430 108230 80
80423622 99316222 2.334156892 109751 80
