50414228 99130219 2.035786759 109761 50
50552683 99137243 2.046704194 108090 50
50581440 99119244 2.057315904 107885 51
50641629 99158372 2.031580784 108837 51
50666218 99119328 2.013492174 110352 51
50701158 99112087 2.006856542 111333 51
50782512 99124575 2.028055614 111202 51
50800882 99153438 2.025195298 108960 51
50825176 99114583 2.058979773 108429 51
50840635 99130966 2.034821695 109469 51
50950144 99115414 2.053210040 107327 51
50978972 99111439 2.023933019 109216 51
50980713 99130151 2.052492945 110536 51
51098896 99135876 2.061223867 110513 51
51118140 99115105 2.019775639 109721 51
51121819 99126500 2.017502447 111167 51
51340430 99122188 2.042965243 108905 51
52220845 99171382 2.057543851 106699 52
52569718 99141205 2.013142117 110228 53
63473377 99185076 2.169348281 105806 63
