79464836 99088210 2.236677998 113753 80
79645594 99179952 2.182519256 111193 80
79724166 99193340 2.206056588 115156 80
79729029 99147205 2.172728202 110358 80
79734804 99131278 2.171026837 109145 80
79752147 99163082 2.784942103 113114 80
79778121 99139879 2.168375036 113125 80
79789367 99142989 2.274877795 109125 80
79792997 99173666 2.247569698 113346 80
79799223 99175801 2.209099132 109864 80
79806887 99121838 2.176216482 107899 80
79813534 99133797 2.296248171 107707 80
79814906 99125201 2.173845490 107969 80
79815601 99161477 2.181389168 113744 80
79823270 99140829 2.178979020 106700 80
79830827 99198374 2.820127968 113162 80
79848509 99152188 2.245364023 109661 80
79886555 99111810 2.193821871 109575 80
79956704 99183210 2.449704982 111318 80
79981864 99169830 2.284325644 113387 80
