51652336 99105320 2.025860658 110954 52
51656460 99128044 2.052302090 114183 52
51669804 99109273 2.044906463 108751 52
51676990 99093807 2.044900234 108284 52
51738533 99146782 2.036176319 106270 52
51813560 99104531 2.045763337 107977 52
51868211 99120806 2.040064368 112543 52
52217993 99140952 2.068384718 107226 52
52463410 99156604 2.074033823 106738 52
52745663 99170831 2.051702107 108073 53
52951137 99105848 2.034572381 108916 53
53555895 99171267 2.067148926 107940 54
54105610 99138644 2.045044128 110698 54
54640217 99161247 2.073342221 107641 55
54662028 99170035 2.069331607 108175 55
55030170 99214878 2.156553959 108382 55
58807925 99182691 2.156597883 107871 59
59612202 99205033 2.131539761 107959 60
61754369 99263779 2.168369744 105164 62
73872806 99333392 2.365255362 107766 74
