53529379 99129140 2.065354321 113222 53
53681783 99120914 2.053767936 106838 54
53694588 99093069 2.068017828 105915 54
53774917 99128857 2.060474508 106369 54
53810777 99122080 2.054334079 109517 54
53849677 99157232 2.065106217 112218 54
54022338 99117249 2.026515020 107388 54
54115627 99145833 2.079931528 109128 54
54116088 99107135 2.065307487 108738 54
54211297 99112512 2.075064963 111535 54
54267846 99116025 2.088310946 107482 54
54324651 99080913 2.075498682 107841 54
54455311 99130061 2.089593441 107571 54
54499131 99124860 2.063845809 106934 54
54618456 99102066 2.071303548 107180 55
54620350 99084564 2.067041666 108530 55
54736212 99128201 2.060210229 108449 55
55562312 99157317 2.102367273 108676 56
55819658 99141420 2.083377856 107707 56
61960381 99208450 2.181777877 106496 62
