70558440 99088772 2.244166760 108325 71
70689997 99080198 2.169501258 109102 71
70753625 99131623 2.198864470 107617 71
70759821 99115371 2.194455882 109464 71
70759987 99111986 2.194041315 110224 71
70765758 99120632 2.221643885 108457 71
70787669 99123844 2.201648768 108984 71
70811720 99135292 2.213833263 109380 71
70841011 99104711 2.200626485 107086 71
70860484 99133149 2.189887563 109962 71
70878691 99128586 2.207465210 109150 71
70891525 99116397 2.196366973 108787 71
70942009 99098001 2.213978663 112702 71
70955692 99083310 2.203228437 105157 71
70975568 99083275 2.175670181 107694 71
70983521 99087059 2.210799426 105862 71
71005493 99092620 2.202432558 105690 71
71035628 99128963 2.173076147 110283 71
71213624 99136932 2.217196363 113597 71
71608167 99200318 2.216434186 111512 72
