48367592 99072086 1.950062253 107341 48
48563332 99095727 1.999331299 108437 49
48672220 99071357 1.937929760 107368 49
48752510 99101484 1.972388883 105892 49
48755937 99073980 1.944706651 105542 49
48824776 99096836 1.994553217 107558 49
48827062 99074137 1.933494219 105789 49
48878218 99096671 1.966913845 107351 49
48885333 99092352 2.013412921 107167 49
48909979 99101726 1.968919041 108417 49
49022268 99089516 1.988602052 110265 49
49076687 99050970 1.931324524 106106 49
49141265 99064015 1.984220539 106340 49
49160143 99089520 1.955967917 106783 49
49470601 99101780 1.990148754 106387 49
49511888 99059491 1.988757021 105952 49
49539155 99118773 1.980785093 106725 49
49751234 99064712 1.995662570 108336 50
50515695 99109877 2.039536662 109689 50
51698728 99087974 2.038701305 107347 52
