48905631 99089951 2.016012385 104763 49
49058720 99097722 2.002718789 106517 49
49183306 99097307 2.029272762 106501 49
49278633 99089654 1.954086759 105186 49
49324576 99070627 1.956459400 105008 49
49433767 99086067 2.040090940 105269 49
49437615 99097299 2.021035827 109201 49
49469716 99076745 2.008681824 104263 49
49506140 99055011 2.030475423 106649 49
49576416 99052312 1.971978448 108205 50
50614314 99097784 2.045807867 109694 51
50682194 99141163 2.028528681 105072 51
51818449 99100216 2.027140316 103978 52
54131234 99150642 2.086740769 103649 54
55071689 99137952 2.110526953 107090 55
55722714 99132389 2.170180081 107975 56
55934798 99157822 2.080081995 107242 56
61530832 99162686 2.233461124 113383 62
65232602 99249192 2.280852222 106540 65
67173495 99211855 2.204741223 104498 67
