48761130 99072496 2.008667114 110470 49
48792574 99103200 1.993075743 102617 49
48959665 99100525 2.008321632 105196 49
49118987 99076298 1.977100770 109603 49
49120382 99097829 2.010826533 105060 49
49399222 99085428 1.981025887 105977 49
49518599 99130701 2.006079561 104551 49
49532556 99117482 2.011544745 105537 49
49542167 99096804 2.012138414 108025 49
49565595 99111770 2.018692058 105898 50
49688300 99115444 2.018491170 106932 50
49694909 99085554 1.997791374 109819 50
49710528 99069029 2.049056686 111669 50
49884536 99088832 2.028775448 111554 50
49964763 99090218 1.996948833 104170 50
50043255 99094581 2.003948537 108668 50
50047536 99085330 2.048041119 109119 50
50116357 99093982 2.015089417 107710 50
50200067 99099068 2.024086107 108790 50
50628653 99139354 2.026123662 108342 51
