48414288 99067186 2.006237762 109038 48
48674818 99061718 2.011199963 104481 49
48697993 99075845 1.977374471 108730 49
48712097 99099791 2.273405587 110881 49
48925265 99070187 1.985261681 110085 49
49615657 99108870 2.065537117 108963 50
49646056 99083477 1.983708293 109319 50
49703855 99059932 2.009005009 109245 50
49840717 99081494 2.061137245 106476 50
49846618 99038883 1.992041522 105803 50
49953531 99056863 1.991399154 109181 50
50150083 99090565 2.000071939 106412 50
50154530 99077533 1.999830703 109225 50
51318748 99056194 2.001454286 103721 51
51371817 99106369 2.046154582 106242 51
53731345 99113310 2.097066179 107129 54
53860559 99140617 2.075248713 103200 54
53936122 99101350 2.060364025 104178 54
55558801 99162679 2.133464222 105396 56
62995687 99221011 2.272994104 105607 63
