48429506 99075437 2.003592823 113706 48
48616603 99107715 1.997149385 105314 49
48642436 99093801 2.000495685 107990 49
48748933 99105625 2.021936258 110394 49
48753558 99099849 2.020509408 107532 49
48759173 99083498 1.990793023 106954 49
48781380 99084530 2.011129191 109094 49
48873675 99105652 2.010177663 106191 49
48903149 99119634 2.023147988 107849 49
49097807 99134497 2.027394038 111194 49
49100654 99140569 2.012053597 108402 49
49158598 99140525 1.996643409 107226 49
49166169 99095102 1.998193870 105229 49
49354965 99092437 2.003263330 107246 49
50714364 99127017 2.035174966 111966 51
50872018 99126415 2.065734881 105584 51
51249531 99111813 2.031374577 106011 51
51786505 99149554 2.080919298 104256 52
52724407 99130535 2.051084623 109203 53
60281787 99201009 2.188437169 107238 60
