72354092 99106915 2.192419398 110371 73
72456649 99129580 2.206450683 109436 73
72507257 99088448 2.159758537 110021 73
72534091 99117753 2.216396732 109223 73
72717578 99107585 2.199480446 105567 73
73404512 99138343 2.187947452 109099 74
73749436 99116818 2.206362120 110494 74
74204311 99160743 2.210112801 106840 74
74827496 99229344 2.225160488 108445 75
75350298 99135355 2.283365510 107789 76
76092703 99203212 2.236011291 107203 76
76121588 99179302 2.307942575 108892 76
77080648 99297391 2.328594838 110651 77
77144170 99258667 2.279103541 113161 77
77468814 99254714 2.273097364 110410 78
77536694 99218055 2.298077572 106379 78
77746303 99262659 2.306378985 110241 78
77779651 99283786 2.347562548 108301 78
79298810 99335628 2.379623725 111323 79
81195018 99308867 2.393708349 108474 81
