48434611 99103966 1.999267457 107880 48
48435461 99108519 2.003279783 111023 48
48610005 99106287 2.047325447 108345 49
48676340 99098699 2.010422476 105889 49
48689096 99101085 2.003641740 109066 49
48732551 99087174 2.073848784 108436 49
48763932 99106806 2.012339558 107356 49
48765353 99124157 2.013287069 108290 49
48820297 99071214 1.974497419 108966 49
48836635 99117702 2.004316774 109912 49
48837027 99084785 2.006289645 109134 49
48943997 99130605 1.999214388 109628 49
48957717 99131417 2.008362674 110807 49
48993817 99110407 2.008774049 107292 49
49113961 99123634 2.013648212 109521 49
49136448 99106757 2.006084470 105849 49
49141092 99118875 2.003124220 108335 49
49147997 99100970 2.003293078 104786 49
49404149 99093053 1.996431378 109819 49
49731696 99143119 2.040571310 105276 50
