56669842 99081605 2.102660572 108039 57
56740003 99116487 2.082686174 108303 57
56781442 99116390 2.097344775 107508 57
56888142 99109440 2.070821270 107291 57
56889096 99124404 2.097297893 109918 57
56960440 99146809 2.091035127 107315 57
56996142 99140186 2.098616929 107297 57
57007419 99148140 2.117854979 108880 57
57014808 99138856 2.082426879 108450 57
57036123 99090656 2.119276353 109673 57
57633747 99152437 2.096537255 109044 58
57718868 99134986 2.090199548 107583 58
57791052 99114275 2.115714263 114645 58
59083547 99174761 2.118945762 108067 59
60405183 99143194 2.152276805 103124 60
60976036 99214121 2.126639773 108050 61
62288697 99197974 2.275491963 107126 62
63925776 99161973 2.192874573 107321 64
65101966 99288600 2.245876267 110791 65
67164775 99266820 2.230994318 110981 67
