48699775 99065641 2.067077859 110957 49
48911446 99095709 1.992118460 105044 49
49029140 99090755 1.991703569 108520 49
49122529 99085867 2.012775622 107055 49
49237354 99080559 2.001847708 107962 49
49264930 99071201 2.003403458 109151 49
49319360 99083849 2.021528599 109753 49
49543365 99069784 2.019800502 105525 50
49576630 99066773 2.024307344 110662 50
49665201 99112858 2.024522001 108173 50
49701328 99100046 2.013467489 112351 50
49743605 99094690 2.028305605 105545 50
49819703 99114188 2.022894021 107593 50
49884917 99116629 2.025686207 104261 50
49971298 99071341 1.996628499 106973 50
50097770 99107082 2.017941040 109932 50
50423735 99108036 2.027252545 103925 50
50930969 99120409 2.049975837 107206 51
54618881 99164192 2.074760681 104465 55
58929549 99162417 2.141198477 105775 59
