67208183 99096603 2.158877936 110090 67
67223288 99120627 2.160712623 106700 67
67240457 99063553 2.165026832 112400 67
67254989 99110532 2.167443023 108996 67
67273952 99111323 2.175804558 105897 67
67342767 99130946 2.200083245 107486 67
67367479 99131275 2.173673973 108879 67
67368888 99159859 2.195834738 107405 67
67378865 99126468 2.223655270 108037 67
67436239 99135211 2.182390129 107137 68
67446210 99140230 2.179699535 105671 68
67468827 99119118 2.181079963 109250 68
67529013 99126939 2.179715128 105589 68
67654046 99112362 2.186877974 106823 68
68031212 99131386 2.168213286 109871 68
68044752 99181855 2.183234019 107931 68
68222729 99213437 2.186495509 110000 68
68557931 99182709 2.188402739 107736 69
74024288 99193935 2.243509767 110233 74
74978489 99263421 2.295803943 113229 75
