48492826 99052936 1.984981600 107536 48
48610006 99044752 2.004696722 107820 49
48717304 99047806 2.021315771 110274 49
48790719 99040447 1.975012362 106917 49
48811450 99075268 1.964831072 106297 49
48898487 99080117 1.963601062 113062 49
48992916 99052678 1.966900245 108475 49
49019608 99044881 1.978069697 106794 49
49046943 99046506 1.963647727 109511 49
49066827 99065453 1.987265368 108157 49
49113689 99101129 2.018878979 106401 49
49142630 99070493 1.985644404 110130 49
49162283 99062640 1.955688049 106880 49
49233447 99028605 1.978864711 108611 49
49288659 99049306 2.049182764 106982 49
49363182 99042790 2.004654227 108235 49
49367640 99081210 1.989146373 104576 49
49399184 99077894 2.007799783 107954 49
49405828 99059214 2.348272310 112581 49
49853926 99053825 2.017079027 108069 50
