48377169 99120622 1.993867005 106961 48
48416358 99119367 2.053664849 108443 48
48454183 99110425 2.000874886 110194 48
48465512 99110050 2.011740799 107163 48
48537656 99110593 1.983419205 108190 48
48568352 99067454 2.005405518 110466 49
48594186 99106716 1.998637267 107581 49
48779481 99116249 2.039711380 107552 49
48789552 99100748 1.987132935 106031 49
50887032 99110056 2.048551087 108902 51
51780803 99139400 2.043126294 104920 52
52257474 99140849 2.074579183 108842 52
54831017 99193900 2.089758860 108056 55
56498587 99221310 2.131638242 106534 56
56504395 99181793 2.152204906 106689 56
57256311 99177126 2.113117770 107197 57
57658497 99231958 2.176441201 106945 58
57913602 99291672 2.160846879 106612 58
58986749 99291079 2.150971600 100874 59
62258407 99204118 2.130512747 102213 62
