48374622 99084613 1.968317136 106543 48
48453781 99047913 1.947031621 108771 48
48496342 99063784 1.954797188 105455 48
48544340 99050098 1.942219095 109306 49
48795235 99035364 1.979790505 104662 49
48888584 99033349 1.962334670 105991 49
48905372 99068081 1.996142453 108181 49
49015579 99069349 1.981150945 106005 49
49197290 99031195 1.883740902 108615 49
49277637 99046995 1.972739217 110205 49
49314031 99063952 1.967105660 104145 49
49393225 99080149 1.957761646 109992 49
49405232 99092312 1.974944384 106149 49
49406885 99062720 1.975874277 109639 49
49741802 99047913 1.982787932 111323 50
49892519 99058441 2.011785824 107011 50
49983050 99089335 2.000239508 105684 50
50004462 99073553 1.983018382 107845 50
50555317 99089513 1.989978064 108132 51
50664763 99111676 1.992906067 107279 51
