48587198 99044488 1.966697112 109095 49
48605210 99071943 1.980527597 111188 49
48707908 99063336 1.935930888 105261 49
48863052 99092771 1.987464289 109548 49
48972749 99087725 2.029265168 107638 49
49023012 99080670 2.339806994 112212 49
49110653 99129104 1.989770238 107497 49
49147569 99063694 2.086114915 108780 49
49156162 99077834 1.979817138 107181 49
49184793 99103323 1.970614296 108613 49
49220961 99078459 1.974043795 105949 49
49612685 99111482 1.991898271 107137 50
49648841 99083809 1.945508283 106601 50
49737571 99088475 1.983545357 105312 50
49973119 99083769 1.985844609 105906 50
51049691 99122292 2.016741364 104350 51
52032893 99130173 2.032462455 107921 52
54242535 99163078 2.059737541 104634 54
59827002 99249857 2.214444087 104760 60
60267077 99241343 2.172403180 107430 60
