77687564 99131098 2.194113062 107971 78
77805537 99102040 2.159481689 110583 78
77837876 99133987 2.199436802 110226 78
77839603 99101412 2.314441053 110085 78
77844910 99115156 2.199385737 109382 78
77852984 99102132 2.208274968 114778 78
77902862 99137041 2.231020321 111963 78
77915119 99154397 2.177967125 110884 78
77938178 99097226 2.332571591 108096 78
77964215 99180682 2.183935997 110065 78
77973235 99152574 2.176769720 107814 78
78004350 99130186 2.178604028 107738 78
78008465 99124544 2.177147350 112089 78
78010285 99147512 2.186037837 110393 78
78011265 99180175 2.167499489 111368 78
78032302 99173180 2.216049193 111283 78
78056668 99120338 2.176814976 106966 78
78097924 99130864 2.185786226 109027 78
78305093 99154512 2.218764613 112750 78
78455369 99165203 2.212825396 112633 79
