68721490 99088805 2.180879351 108352 69
68807811 99122504 2.141306281 110141 69
68839141 99134763 2.316977430 106472 69
68870687 99083379 2.186177954 107903 69
68878253 99122345 2.188439538 109750 69
68914523 99123706 2.140313910 112466 69
68914586 99097342 2.191705475 107759 69
68949961 99108500 2.177490788 107524 69
68998453 99139162 2.709701708 117762 69
69084373 99109731 2.171164456 111413 69
69121397 99131892 2.196016526 108576 69
69126826 99105068 2.157422538 107848 69
69381252 99141365 2.167856103 108900 69
70047069 99104106 2.191873870 108080 70
71034862 99150845 2.200314207 107994 71
71316529 99184287 2.209450989 113710 71
71377494 99138031 2.228147710 105372 71
72743015 99166829 2.180556813 111591 73
75781196 99256656 2.357625046 107134 76
78556905 99328945 2.342963089 109898 79
