99639154 100983083 3.463615951 422158 98
99760606 100924554 3.297008377 424124 98
99971719 101738591 3.371038233 442246 98
100055824 101210376 3.391534310 421783 98
100131763 101706546 3.665615758 444370 98
100170339 101631756 3.354695561 440152 98
100374667 102105864 3.299804832 437220 98
100446693 102558630 3.441639206 448287 97
100621411 101894065 3.622998707 482188 98
100638709 102191441 3.281381753 418266 98
100653355 102426949 3.461113345 419277 98
100771221 102554791 3.381839724 453255 98
100845959 102857685 3.456206434 429469 98
101178586 103098842 3.563507196 441993 98
101455378 103118418 3.510735612 438873 98
101830228 103383627 3.475295839 491045 98
101943274 103992860 3.587576080 423266 98
101972322 103785993 3.590401036 470902 98
101988473 103109079 3.428041763 454772 98
102049232 103874586 3.737668749 456398 98
