48504710 99045240 1.980386222 107364 48
48715830 99097111 1.983414159 104391 49
48869503 99050295 2.017442768 104049 49
48872038 99083738 2.011935416 105772 49
48921701 99071195 1.993142715 106015 49
48958529 99055947 1.977448850 105629 49
49279920 99073634 1.995653129 113330 49
49653101 99082748 1.995376922 107630 50
49871976 99058086 2.008415363 106174 50
50431190 99061248 2.009809162 107299 50
50777475 99108546 2.412327097 105485 51
52686301 99121611 2.040711889 105821 53
54126247 99134281 2.078902885 104946 54
54704102 99108772 2.073677583 107205 55
55842707 99151941 2.141380043 106730 56
56345184 99207719 2.090535698 107596 56
57840376 99096991 2.135027382 107713 58
57867190 99152003 2.190177136 106600 58
61473959 99184489 2.169710751 106903 61
67383723 99184881 2.270794464 108782 67
