48801470 99070105 2.010188411 106606 49
49034463 99084593 2.016895934 105790 49
49115275 99081934 1.986059304 107179 49
49130368 99053145 1.953294696 109760 49
49217012 99034467 1.998512585 112378 49
49220454 99051854 1.977935753 106650 49
49254328 99069126 2.008989418 105896 49
49255601 99039858 1.996465790 104982 49
49268933 99076539 1.966635807 107695 49
49284770 99074892 1.971924486 105378 49
49528748 99082502 1.993724581 105131 49
49771059 99052720 1.976306916 108622 50
49782907 99098487 1.993284339 106805 50
49914465 99069621 1.977065636 106576 50
50015342 99090557 2.009384948 107151 50
50024502 99086333 1.996444587 106121 50
50295678 99117618 2.002787339 109795 50
50989387 99049178 1.982009491 109155 51
57518625 99176470 2.187294669 104608 57
61204413 99208111 2.178038251 107618 61
