48829190 99076405 1.936069096 105881 49
48839528 99070209 1.958516793 105955 49
48849876 99079761 1.941531975 107185 49
48902687 99028474 1.930572360 109453 49
48974286 99080667 1.962662656 106145 49
48994820 99097389 1.933262709 108288 49
49038358 99049839 2.047731187 107452 49
49086411 99111218 1.954619718 105417 49
49119465 99104254 1.986880869 106159 49
49284400 99030339 1.916290820 106010 49
49426397 99041420 1.956105932 106506 49
49503649 99084768 1.974465881 104805 49
49624697 99113994 1.999471470 108475 50
49674614 99084367 1.970163642 105450 50
49790465 99060809 1.939236735 107267 50
49800699 99088295 1.990670767 108432 50
52865484 99143978 2.043932678 105948 53
53454688 99135226 2.030448719 104624 53
54497579 99098816 2.066623690 109940 54
57221801 99101575 2.045370040 110639 57
