48679943 99018861 1.964215261 109440 49
48758943 99055580 1.952718070 108233 49
48764206 99020961 1.959694534 105214 49
49017073 99038856 1.953937441 105167 49
49040868 99052573 1.962825771 106789 49
49072536 99019631 1.949350930 106587 49
49229480 99052009 1.981161889 109144 49
49240449 99054737 1.946380332 107208 49
49352593 99073501 1.981125669 105720 49
49371282 99049489 2.060676857 104689 49
49403641 99056133 2.002770795 106518 49
49445076 99100740 1.988332056 106134 49
49618490 99075793 1.977475416 105145 50
49711896 99085294 2.011241674 103994 50
49790651 99068353 1.966446070 107244 50
49806315 99064968 1.987969632 110474 50
49806437 99048008 1.995199165 103114 50
49830796 99058693 1.982514731 107196 50
49936288 99085300 1.990748419 104849 50
50054611 99091351 2.011464222 107540 50
