49247510 99077789 2.060562189 108211 49
49384898 99079949 2.008662653 109246 49
49390001 99099976 2.016017152 106822 49
49531441 99107049 2.027954514 110607 49
49577878 99080243 2.024445359 107789 50
49737809 99095029 2.004565574 109852 50
49751622 99098427 2.014861499 108507 50
49851621 99096446 2.032356792 108947 50
49928958 99063036 2.032332241 112050 50
50312773 99126013 2.026703479 110517 50
50317546 99119138 2.022069793 107020 50
50851508 99108157 2.035092906 112635 51
50891618 99077449 2.036335352 107741 51
51835419 99117517 2.018925600 109699 52
51924223 99091476 2.014097352 109372 52
51948211 99073147 2.016335008 111856 52
52049447 99124726 2.039569655 107461 52
53579958 99112050 2.031337074 107706 54
54145695 99117586 2.087183967 109378 54
72241480 99328362 2.350944498 111356 72
