48622479 99056319 2.013928757 107983 49
48680234 99069103 2.017163215 107195 49
48684854 99087512 2.015687292 107349 49
48922242 99104417 2.008567532 105503 49
48924032 99091826 2.000684415 106439 49
49068143 99121715 2.015470199 103621 49
49175410 99105895 2.012021995 107098 49
49192200 99109480 2.005910174 107741 49
49297647 99103632 1.997538008 108358 49
49568053 99071410 1.977511262 104151 50
49651672 99090384 2.045807827 105808 50
49659718 99082776 2.014574581 109157 50
49773874 99106681 2.014621139 105529 50
50003391 99053763 2.013578782 106440 50
50055214 99102627 2.032886900 103820 50
50075289 99108130 2.029964716 105936 50
50662609 99107297 2.044834446 105458 51
53031700 99128179 2.089442566 105731 53
58183519 99165908 2.171123315 108145 58
62858970 99239792 2.254413791 112854 63
