75989333 99093057 2.123137961 105495 76
76019133 99093406 2.173306352 110119 76
76038495 99107971 2.176247902 105448 76
76063385 99061755 2.145747507 109163 76
76077466 99109080 2.146844393 104557 76
76108354 99122829 2.156217741 107477 76
76125699 99148466 2.178605954 107879 76
76150520 99141741 2.155919131 108933 76
76166689 99086347 2.161548625 109857 76
76172463 99099836 2.251468244 108033 76
76176892 99200349 2.191535091 105317 76
76240419 99121855 2.132853455 106023 76
76311319 99143013 2.121255905 107710 76
76321036 99139435 2.220117655 106956 76
76371327 99172554 2.159651231 111596 77
76478931 99155556 2.180080868 105623 77
76585040 99142122 2.250506756 108036 77
76748597 99258530 2.170983643 106615 77
78684250 99221298 2.289972951 109605 79
80462143 99308876 2.228347070 105772 81
