61814718 99088971 2.111480420 108629 62
61878117 99138986 2.177717358 109638 62
61915747 99142476 2.168787405 106255 62
61964435 99111829 2.130601070 106773 62
62002381 99128891 2.111251039 106762 62
62089673 99117068 2.111882095 105464 62
62132877 99120808 2.099643633 109515 62
62136952 99141181 2.126846795 108449 62
62198269 99099582 2.123768143 108258 62
62223638 99120972 2.120931483 108503 62
62224109 99098025 2.143423123 105028 62
62234026 99147979 2.144352015 106895 62
62256166 99075622 2.116890096 108098 62
62343568 99129167 2.112958114 109728 62
62408069 99131385 2.140993984 110096 62
62645870 99125268 2.150240209 107181 63
62646608 99129866 2.113691427 108692 63
63131449 99112618 2.126709000 110050 63
64267935 99181644 2.167628675 110726 64
70168261 99275624 2.268750477 105968 70
