48468928 99093943 1.984694859 105154 48
48487650 99077923 1.974787053 98785 48
48653731 99057326 1.959718288 108216 49
48694041 99057372 2.005067261 106055 49
48733891 99077883 1.966569862 105659 49
48752337 99046015 1.964548439 107019 49
48846897 99075483 1.995848444 107217 49
48881955 99036315 1.991301606 110343 49
48909576 99065515 1.991653397 108584 49
48954616 99109031 1.997789931 105365 49
49037315 99112267 1.997020859 104882 49
49038696 99091477 1.976471704 102835 49
49190677 99098827 1.991003192 106255 49
49197260 99095999 2.001802190 106199 49
51798418 99128130 2.010426833 104047 52
53287775 99160105 2.065629580 104891 53
54319213 99166037 2.071700485 102379 54
55519129 99158730 2.095147197 107612 55
55634020 99121276 2.095353983 106322 56
56218562 99257767 2.144176918 109391 56
