84852379 99159980 2.356486952 120427 85
84921982 99210683 2.284456266 110580 85
84928691 99195886 2.246994705 109598 85
84940336 99150250 2.252522717 111784 85
84941153 99159824 2.393132583 110393 85
84943464 99192976 2.271769880 118408 85
84950519 99199542 2.235063769 110719 85
84965761 99150856 2.266886907 112139 85
84979435 99175039 2.285049099 108093 85
84986680 99161031 2.260763555 112988 85
84999200 99159690 2.268812616 115301 85
85008909 99099060 2.387243326 115018 85
85040488 99097251 2.260277039 105656 85
85058185 99170402 2.231504113 112734 85
85104365 99194650 2.432100033 108154 85
85167112 99148950 2.246467675 119280 85
85189228 99203746 2.298821635 111452 85
85571390 99230919 2.269134427 107051 86
85942125 99226088 2.332347712 112563 86
86744368 99332922 2.333603852 109331 87
