48391839 99056432 1.948889650 110748 48
48482147 99069552 1.959323369 107654 48
48829633 99085882 1.958518273 105740 49
48905135 99069346 1.939353606 109653 49
48911658 99074467 1.932443210 107995 49
48977087 99023488 1.960091236 102350 49
49023970 99074235 1.908334288 108296 49
49029171 99088830 1.956483767 110043 49
49216183 99067998 1.962040312 105723 49
49297289 99079760 2.012850350 102837 49
49343223 99061452 1.985494503 104037 49
49388518 99042008 1.954988464 107321 49
49390701 99074224 1.951857165 107714 49
49402773 99062758 1.971965865 107605 49
49405806 99066390 1.956341362 104606 49
49479051 99073470 1.980333374 104958 49
49491633 99068528 2.038695933 108142 49
49557058 99103861 2.000957518 107156 50
49677824 99071040 1.995483752 105534 50
50582166 99102883 1.998460539 107442 51
