60190995 99141668 2.134043853 109331 60
60216738 99130733 2.126648981 105849 60
60323645 99135688 2.118704078 105313 60
60421236 99143513 2.155064301 106515 60
60563282 99128560 2.123502746 110789 61
60643314 99135933 2.117964217 106172 61
60801513 99068064 2.128225151 109406 61
60819295 99140958 2.127158933 111662 61
60874657 99140930 2.180776106 110662 61
60961563 99100113 2.114655293 105999 61
61231185 99170220 2.145749691 109346 61
61319883 99119265 2.136165720 109230 61
62041797 99169552 2.194053836 110840 62
62618005 99136693 2.151092174 106529 63
62654768 99138077 2.146010931 110129 63
62945547 99175157 2.154355134 109695 63
64611256 99176090 2.154701445 107587 65
64658321 99241265 2.207307362 109716 65
67364548 99186512 2.231068197 108071 67
71559897 99293305 2.333382700 112464 72
