81232396 99063837 2.191097189 112336 82
81372116 99131547 2.212651412 116387 82
81391235 99172863 2.248027465 115763 82
81440401 99137166 2.240849764 116036 82
81455960 99121019 2.165037981 117587 82
81473914 99107156 2.214341952 113300 82
81488851 99145652 2.459251418 113097 82
81498924 99154528 2.220597614 113546 82
81501029 99166652 2.241247487 111863 82
81521189 99117549 2.280020157 117648 82
81526181 99216788 2.206076335 115832 82
81531656 99124569 2.222121756 113566 82
81541495 99200986 2.259052965 113126 82
81591899 99127034 2.211151067 116584 82
81593272 99135700 2.211297808 115918 82
81601319 99216867 2.223536165 116523 82
81610897 99156447 2.207389868 112503 82
81702501 99138776 2.208462922 118257 82
81703862 99150031 2.234953117 115782 82
81761554 99189129 2.194844333 114272 82
