48109598 99124897 1.986893195 0 48
48489567 99120039 1.978163554 0 48
48502219 99127723 1.986915545 0 48
48538667 99143203 1.958755990 0 48
48567790 99122107 1.965713557 0 48
48631894 99145306 1.965649910 0 49
48659131 99114480 1.960829275 0 49
48708646 99116967 1.972515872 0 49
48709254 99122466 1.962838066 0 49
48710437 99143827 1.971531325 0 49
48719447 99121401 1.960303739 0 49
48749725 99122425 1.945346844 0 49
48798955 99131639 1.982332954 0 49
48831978 99142709 1.984203265 0 49
48837620 99126224 1.998528127 0 49
48840925 99127182 1.985465077 0 49
48851011 99143296 1.967695019 0 49
48864709 99124848 1.937008517 0 49
48890893 99141475 1.973166675 0 49
48910575 99123752 1.940589726 0 49
48922275 99118205 1.969100908 0 49
48943824 99134872 1.997349073 0 49
48955735 99136932 2.004068619 0 49
48960598 99148777 1.981327071 0 49
48966113 99150095 1.975855572 0 49
48972091 99130502 1.980923274 0 49
49010032 99133720 1.997922984 0 49
49018714 99142343 1.978879178 0 49
49020008 99147011 1.964789463 0 49
49033464 99138851 2.058662521 0 49
49047849 99130960 1.957783114 0 49
49054177 99122984 1.977751226 0 49
49076853 99111125 1.969605792 0 49
49113725 99136842 1.964851527 0 49
49116151 99138567 2.007842935 0 49
49136788 99123491 1.974180422 0 49
49181982 99120384 1.975538030 0 49
49185196 99144962 2.007776097 0 49
49228959 99128096 1.980249653 0 49
49233218 99138844 2.004547979 0 49
49239740 99147907 1.957777486 0 49
49244425 99133447 1.967434972 0 49
49246449 99149637 2.005717638 0 49
49337939 99136315 1.994772483 0 49
49414870 99108705 1.994968132 0 49
49477393 99136747 2.017540826 0 49
49505583 99134358 1.995121299 0 49
49580716 99138291 2.014466414 0 50
49586724 99125466 1.969068773 0 50
49646065 99175317 2.360037637 0 50
