2328645 98752807 0.915920089 0 2
2811525 98762675 0.942977346 0 2
3060107 98788873 0.972422293 0 3
3159599 98761905 0.957791435 0 3
3464377 98758223 0.986457096 0 3
3756932 98759157 1.013056918 0 3
3831519 98746207 0.983429092 0 3
3923932 98790692 1.005270476 0 3
4166459 98769790 1.009876931 0 4
4219126 98771179 1.024525948 0 4
4242676 98768027 1.003775556 0 4
4557423 98768624 1.019032021 0 4
4743371 98745793 1.045078410 0 4
4751163 98769945 1.027560941 0 4
4793447 98770129 1.071352139 0 4
5021882 98774571 1.050246208 0 5
5060337 98763149 1.097710241 0 5
5258302 98775812 1.071352319 0 5
5326909 98760554 1.075629227 0 5
5418152 98769898 1.067995805 0 5
5446371 98809216 1.068963835 0 5
5497702 98771907 1.092718170 0 5
5528127 98753529 1.080300693 0 5
5703564 98764472 1.075265395 0 5
5983698 98823517 1.343070589 0 6
6455763 98776850 1.132644110 0 6
6689468 98776195 1.130108527 0 6
6705223 98779518 1.146895244 0 6
7517225 98769358 1.193687458 0 7
7655445 98776266 1.197374617 0 7
7903192 98770182 1.210819746 0 8
8986649 98784717 1.188389104 0 9
9131645 98804408 1.314515997 0 9
9262369 98795741 1.241942840 0 9
9555456 98793819 1.311043294 0 9
9725657 98794175 1.342243195 0 9
9973712 98846019 1.259768997 0 10
10012071 98811494 1.310480830 0 10
10134183 98810126 1.298693018 0 10
11386137 98788634 1.300521813 0 11
11500755 98837476 1.358101681 0 11
11746864 98839493 1.363957727 0 11
11773954 98810678 1.452633124 0 11
11776405 98808002 1.413563644 0 11
12535863 98816729 1.358396967 0 12
13583445 98836556 1.430410715 0 13
14009963 98830484 1.510702139 0 14
15536022 98876886 1.510693709 0 15
17162663 98843739 1.549432402 0 17
29016975 98870797 1.937784630 0 29
