55751753 99170109 2.267966134 0 56
56229396 99168109 2.293233855 0 56
56261202 99182075 2.333701585 0 56
56292971 99160401 2.231443913 0 56
56333348 99164601 2.287936728 0 56
56448027 99170619 2.259296815 0 56
56456519 99171796 2.327891848 0 56
56534868 99181597 2.287738554 0 57
56535185 99176236 2.249751946 0 57
56574852 99176507 2.268573081 0 57
56596018 99154494 2.252853585 0 57
56596228 99174041 2.258487055 0 57
56603491 99156071 2.293513363 0 57
56638750 99172095 2.262677052 0 57
56659498 99161515 2.258794788 0 57
56661976 99174510 2.269297459 0 57
56770373 99189971 2.323416100 0 57
56790669 99171830 2.260214226 0 57
56840541 99190520 2.350947880 0 57
56846380 99155773 2.312771732 0 57
56910805 99174892 2.363401921 0 57
56940236 99159999 2.262621124 0 57
57106116 99181707 2.259428394 0 57
57107400 99178443 2.355585235 0 57
57180693 99182954 2.266026915 0 57
57373871 99197963 2.289235644 0 57
57386760 99203711 2.283151809 0 57
57420220 99163388 2.278801670 0 57
63663014 99273418 2.409300889 0 64
64231308 99331363 2.463016020 0 64
64700822 99196824 2.322248427 0 65
64714756 99240888 2.331477304 0 65
64927654 99205779 2.495399139 0 65
64961096 99393245 2.432627007 0 65
64975697 99208128 2.414749191 0 65
65151087 99329698 2.369698519 0 65
65165763 99202591 2.394848292 0 65
65182981 99257869 2.451847092 0 65
65227513 99204017 2.408264918 0 65
65276042 99297805 2.442976840 0 65
65343576 99202331 2.380304420 0 65
65350672 99292177 2.376147335 0 65
65364510 99325984 2.464805249 0 65
65459783 99372161 2.420236623 0 65
65518322 99310370 2.429416150 0 65
65560095 99334531 2.339948457 0 65
65578552 99195182 2.415975970 0 66
66104176 99383394 2.427519973 0 66
66187261 99400861 2.468210789 0 66
66550061 99406396 2.476913470 0 66
