56127104 99162513 2.252741124 0 56
56148079 99167468 2.208372454 0 56
56309460 99177769 2.281098222 0 56
56533616 99161189 2.214381620 0 57
56642280 99189011 2.299523532 0 57
56703606 99180741 2.268557454 0 57
56964615 99190776 2.303303719 0 57
57015265 99169025 2.248736736 0 57
57205498 99183507 2.285670478 0 57
57230520 99172661 2.310967058 0 57
57449137 99195797 2.274938409 0 57
57468486 99189545 2.313799015 0 57
57489481 99196834 2.298924875 0 57
57489724 99179774 2.308328534 0 57
57529332 99183553 2.291620198 0 58
57561310 99164148 2.379782486 0 58
57570192 99173423 2.267168979 0 58
58040200 99190476 2.280452675 0 58
58419678 99184572 2.279428632 0 58
64715060 99194595 2.350109779 0 65
64925177 99284337 2.330449864 0 65
64999095 99285196 2.392242436 0 65
65034526 99281709 2.382723935 0 65
65103525 99191243 2.364315408 0 65
65160024 99282790 2.364809849 0 65
65200573 99393123 2.376482164 0 65
65311941 99332558 2.331822735 0 65
65369411 99228876 2.383532549 0 65
65400553 99274650 2.375204271 0 65
65425209 99201167 2.312033623 0 65
65431685 99321192 2.341298661 0 65
65432480 99212953 2.388896609 0 65
65434030 99342994 2.362406027 0 65
65442878 99191409 2.328667680 0 65
65452913 99342492 2.391803067 0 65
65454528 99243210 2.391957501 0 65
65523073 99290018 2.300517705 0 65
65576677 99297209 2.376833155 0 66
65582714 99332037 2.373623100 0 66
65600515 99286103 2.372787811 0 66
65613399 99369413 2.323752972 0 66
65613772 99348082 2.412883597 0 66
65640054 99289490 2.349639303 0 66
65647917 99253329 2.377526549 0 66
65777656 99389965 2.381702746 0 66
65780965 99241172 2.393223284 0 66
65879811 99408820 2.459754687 0 66
65893043 99324499 2.308320769 0 66
65917598 99292902 2.377532326 0 66
66073544 99278054 2.344432635 0 66
