10322484 98738254 1.247317764 0 10
10908654 98750249 1.268563256 0 11
11156363 98770980 1.276622623 0 11
11196961 98765597 1.273774056 0 11
11221199 98749275 1.284689628 0 11
11377384 98746809 1.298908328 0 11
11485426 98754976 1.264816620 0 11
11532250 98759170 1.284402903 0 11
11800279 98756682 1.300860074 0 11
12401350 98766589 1.324138710 0 12
12618942 98773294 1.324363865 0 12
12680073 98766925 1.328287770 0 12
12764552 98786436 1.330713254 0 12
12881414 98790571 1.338495236 0 13
13115001 98761702 1.341066166 0 13
13210653 98762880 1.334918808 0 13
13279494 98780477 1.359577771 0 13
13329307 98757080 1.337937668 0 13
13578216 98775327 1.359291474 0 13
13650440 98761399 1.338320509 0 13
13775930 98782937 1.391352156 0 13
13848831 98778170 1.366853513 0 14
13890015 98761120 1.363269237 0 14
13989329 98782203 1.353393885 0 14
14051355 98774395 1.377354490 0 14
14342956 98772923 1.371515931 0 14
14426920 98762103 1.365408501 0 14
14508587 98758097 1.372969205 0 14
14557334 98763945 1.378797461 0 14
14612140 98774521 1.390966866 0 14
14696699 98767729 1.391717660 0 14
14901340 98775267 1.388993087 0 15
15025572 98767397 1.398617492 0 15
15248026 98775188 1.394150843 0 15
15313322 98768140 1.406911064 0 15
15523260 98768452 1.430525924 0 15
15644078 98759597 1.414255021 0 15
15824478 98806325 1.392165990 0 16
15854555 98754122 1.416306255 0 16
16191425 98769354 1.427392758 0 16
17804540 98835540 1.497230106 0 18
18801882 98806731 1.469606273 0 19
30110866 98852505 1.630866072 0 30
30761421 98832672 1.666671935 0 31
30768349 98814463 1.646498012 0 31
30986501 98906109 1.630398656 0 31
31725207 98815509 1.678149210 0 32
31768861 98934136 1.704676478 0 32
34143195 98976409 1.776547630 0 34
34215861 98830012 1.746857717 0 34
