2831449 98706273 0.928233513 0 2
3938121 98741501 0.989085280 0 3
3975857 98724622 1.002266012 0 4
3997729 98719301 1.006410561 0 4
4194230 98733312 1.017902187 0 4
4523146 98762793 1.023051514 0 4
4530375 98727896 1.041107000 0 4
5118142 98716238 1.014797357 0 5
5142238 98736408 1.043357103 0 5
5146453 98735870 1.031440024 0 5
5269641 98722648 1.068671284 0 5
5484753 98772684 1.054284825 0 5
5853979 98720746 1.098444972 0 5
5886044 98715524 1.083952823 0 5
6208538 98741406 1.086952149 0 6
6941264 98738405 1.175431265 0 7
7623505 98768108 1.132233247 0 7
7783730 98765993 1.164718304 0 7
8109533 98769632 1.191990313 0 8
8222464 98768345 1.196252733 0 8
8581108 98747785 1.208956905 0 8
8698330 98791574 1.221725944 0 8
8948605 98751732 1.209522257 0 9
8984815 98795143 1.214469431 0 9
9324306 98766237 1.299726098 0 9
9591662 98763717 1.342415986 0 9
9597081 98759925 1.235255209 0 9
9721026 98760033 1.253616652 0 9
9868243 98761182 1.260375683 0 9
9915623 98819882 1.257075126 0 10
10009702 98772706 1.262810492 0 10
10042017 98781396 1.268869458 0 10
10061654 98780746 1.223855413 0 10
10854864 98752628 1.271844960 0 10
11050065 98773728 1.306193087 0 11
12128771 98730003 1.409865346 0 12
17715165 98807686 1.512992417 0 17
18059625 98812723 1.534192216 0 18
18447948 98834990 1.498978523 0 18
18845056 98808234 1.548667914 0 19
21514039 98774037 1.499836059 0 21
24038257 98787500 1.742570421 0 24
24343000 98805382 1.792970300 0 24
25688469 98925713 1.849921504 0 25
25825987 98809571 1.757346777 0 26
28860057 98853297 1.920457882 0 29
29666994 98855878 1.935981772 0 30
29788725 98845435 1.905052570 0 30
29828251 98882362 1.862978141 0 30
33930575 98840286 1.984094989 0 34
