49356155 99406406 2.210814403 0 49
49515675 99386236 2.233046325 0 49
49573838 99360464 2.227274127 0 49
49587211 99400356 2.224067566 0 49
49665875 99399239 2.242388882 0 49
49706134 99385226 2.168684394 0 50
49764226 99507906 2.220290640 0 50
49810368 99596361 2.244567817 0 50
49813608 99410043 2.198680992 0 50
49821719 99606072 2.258965145 0 50
49835458 99485460 2.213770778 0 50
49899800 99384463 2.209262389 0 50
49940055 99385481 2.283175147 0 50
50001127 99362635 2.198038297 0 50
50004280 99373140 2.186955311 0 50
50041197 99613107 2.228198485 0 50
50057941 99580920 2.226204542 0 50
50080333 99380761 2.230207888 0 50
50088152 99585349 2.253820110 0 50
50091361 99378604 2.233257453 0 50
50104805 99372084 2.246359476 0 50
50145042 99391942 2.183047354 0 50
50149007 99539174 2.202710353 0 50
50169066 99406457 2.241866265 0 50
50170843 99382556 2.253101102 0 50
50172504 99652827 2.255431549 0 50
50207503 99350807 2.209470289 0 50
50239119 99408161 2.193193774 0 50
50249432 99558472 2.217937765 0 50
50254684 99572889 2.260097868 0 50
50265660 99371238 2.222678860 0 50
50280483 99568365 2.255073052 0 50
50292504 99567853 2.214850077 0 50
50309431 99399317 2.211767150 0 50
50425754 99556793 2.242469760 0 50
50428619 99581955 2.194105512 0 50
50463714 99394107 2.221004616 0 50
50464430 99607645 2.231826820 0 50
50466805 99612672 2.288611814 0 50
50474544 99569212 2.264526317 0 50
50484758 99407828 2.232291046 0 50
50500941 99635461 2.257334132 0 50
50597829 99596089 2.241491238 0 50
50664607 99667770 2.209989072 0 50
50705285 99422447 2.260638700 0 50
50739466 99421826 2.252738789 0 51
50750782 99412886 2.260430199 0 51
50799362 99601913 2.354542242 0 51
51044203 99603296 2.346230778 0 51
52780210 99429695 2.321325916 0 53
