49553663 99424877 2.220237417 0 49
49602597 99185326 2.190870092 0 50
49640445 99160782 2.199217880 0 50
49651302 99170096 2.189115466 0 50
49674006 99178245 2.210681187 0 50
49682877 99176145 2.239522110 0 50
49700891 99268224 2.210728474 0 50
49772574 99341435 2.225440792 0 50
49797521 99275944 2.203506033 0 50
49805235 99340513 2.192438745 0 50
49896056 99238460 2.221771183 0 50
49907776 99244618 2.185337273 0 50
49912926 99174527 2.204834350 0 50
49914937 99631343 2.236888927 0 50
49975243 99166079 2.184668796 0 50
50022602 99311492 2.196034295 0 50
50037639 99182730 2.197634587 0 50
50039350 99160428 2.192484591 0 50
50063988 99239572 2.211469982 0 50
50071096 99153868 2.195416130 0 50
50086380 99261945 2.222127285 0 50
50086691 99274935 2.185722470 0 50
50087973 99146655 2.204830264 0 50
50101728 99341100 2.244483072 0 50
50116694 99153407 2.221441270 0 50
50129951 99499618 2.195555571 0 50
50141281 99152871 2.187967810 0 50
50161359 99146519 2.158675739 0 50
50181238 99154950 2.174090842 0 50
50183442 99488003 2.216936499 0 50
50185601 99192316 2.293144758 0 50
50187929 99174471 2.229326607 0 50
50196523 99257938 2.209698032 0 50
50231357 99145864 2.159039015 0 50
50237806 99178705 2.206181249 0 50
50260017 99182948 2.275954784 0 50
50300725 99176059 2.212934424 0 50
50304446 99371758 2.237320546 0 50
50328433 99178816 2.188269096 0 50
50391109 99240382 2.221073190 0 50
50394156 99301975 2.196878450 0 50
50401147 99508113 2.207928525 0 50
50419762 99629028 2.230145367 0 50
50420548 99270520 2.209561843 0 50
50446409 99525570 2.233692071 0 50
50480323 99341813 2.236844912 0 50
50583945 99661303 2.197567504 0 50
50734958 99419330 2.225068834 0 51
51021589 99278655 2.233522587 0 51
51198549 99189395 2.241072155 0 51
