11757756 98781269 1.300650219 0 11
12546365 98756528 1.326064003 0 12
12690122 98763107 1.332085135 0 12
12730561 98809205 1.335446069 0 12
12761832 98772884 1.337626621 0 12
13129582 98790131 1.334663385 0 13
13155435 98769881 1.351673915 0 13
13241710 98774656 1.439540600 0 13
13337183 98767589 1.357955391 0 13
13384163 98771168 1.344400925 0 13
13427698 98799291 1.366841148 0 13
13781450 98786705 1.350027061 0 13
13888022 98781127 1.377013439 0 14
13985066 98814978 1.431110732 0 14
14032614 98808349 1.380731870 0 14
14068284 98783442 1.375049404 0 14
14192389 98765310 1.358539410 0 14
14229997 98766387 1.378926558 0 14
14256988 98800769 1.381372168 0 14
14351055 98799607 1.373547531 0 14
14633188 98778167 1.377628982 0 14
14707131 98797623 1.370728382 0 14
14796976 98804379 1.377981923 0 14
14986515 98814809 1.388818027 0 15
15083968 98809044 1.407194097 0 15
15183606 98775183 1.421462326 0 15
15190426 98805111 1.415907856 0 15
15211077 98792851 1.390612967 0 15
15328650 98800204 1.403616996 0 15
15432015 98805222 1.387073937 0 15
15663586 98783666 1.421308137 0 15
15747078 98798073 1.484464920 0 15
15773979 98801089 1.424548847 0 15
16022582 98798050 1.397846395 0 16
16034993 98805631 1.443971868 0 16
16188041 98787624 1.444264551 0 16
17184890 98799435 1.487461880 0 17
18644133 98840997 1.450607966 0 18
25041409 98830990 1.626938702 0 25
31018466 98830877 1.688064392 0 31
31577013 98932055 1.701288009 0 31
32465940 98901830 2.013532788 0 32
32559683 98923830 1.724142422 0 32
33316141 98935302 1.818059050 0 33
34408200 98857851 1.799502546 0 34
34732612 98945290 1.913067785 0 35
35173301 98867630 1.799997244 0 35
52092132 98893436 2.112377472 0 52
55118340 98897246 2.143421030 0 55
57297360 98910835 2.257931252 0 57
