1155653 98660920 0.743652981 0 1
1493156 98665590 0.763978112 0 1
1602215 98673268 0.762060061 0 1
1951903 98674912 0.784580514 0 1
2330321 98675991 0.791713361 0 2
2373533 98678961 0.803399935 0 2
3187495 98661531 0.855417324 0 3
3276926 98680124 0.846811722 0 3
3371970 98665354 0.847254985 0 3
3552043 98682246 0.854630497 0 3
3594202 98673741 0.847055021 0 3
3871153 98679631 0.878633840 0 3
3899450 98655909 0.905427013 0 3
4225312 98670558 0.884011863 0 4
4834482 98683054 0.931420263 0 4
4914619 98663063 0.917796707 0 4
5527783 98692306 1.008260405 0 5
5530226 98696810 0.963822834 0 5
5888350 98688357 0.968612027 0 5
5941635 98674187 0.958379914 0 6
6137487 98713452 0.965186381 0 6
6256673 98677718 1.043885717 0 6
6474289 98711851 1.011671299 0 6
6604747 98693946 0.974165118 0 6
6749704 98690049 1.009420762 0 6
6755453 98690595 0.976821267 0 6
6868057 98697263 0.991204653 0 6
7201717 98700809 0.980458343 0 7
7224147 98686186 0.989483236 0 7
7840137 98690905 1.092872698 0 7
8011479 98697770 1.040468977 0 8
8100368 98680107 1.034189524 0 8
8349353 98700923 1.063962432 0 8
8617288 98722107 1.082303829 0 8
8963177 98717750 1.168595588 0 9
9156070 98700703 1.097110094 0 9
9173831 98725351 1.174561618 0 9
9238524 98694547 1.061137902 0 9
9802646 98702504 1.075619268 0 9
9847692 98705373 1.133777631 0 9
14326396 98734790 1.299833642 0 14
15394037 98731433 1.264886089 0 15
20502191 98766991 1.601851881 0 20
22325174 98741199 1.531003573 0 22
23099468 98775213 1.489320489 0 23
24050722 98764467 1.576115304 0 24
26572900 98769496 1.623223441 0 26
26955009 98753995 1.538409399 0 27
27297005 98765700 1.653204072 0 27
29737995 98814069 1.719124545 0 30
