22536440 98813151 1.445643864 65772 22
22611817 98820740 1.439927701 67457 22
22742095 98793854 1.421957410 64620 23
22742262 98793385 1.428181757 66695 23
22751382 98788615 1.436430586 66847 23
22760550 98789266 1.427598402 65991 23
22794256 98844497 1.439322014 66622 23
22831931 98780595 1.504996171 67853 23
22843486 98797323 1.431194155 64177 23
22860345 98783560 1.442518915 66480 23
22875898 98841165 1.433569486 66343 23
22905180 98780736 1.446632725 65808 23
22982237 98833389 1.429834418 62971 23
23011859 98839751 1.451549602 65410 23
23241048 98854443 1.452720872 65463 23
23271343 98833417 1.449908525 65894 23
23296096 98834910 1.445690856 63451 23
23304526 98851116 1.447408819 66842 23
23372538 98823350 1.464412638 62677 23
23393124 98848869 1.469636324 67798 23
23433305 98810369 1.450081793 66177 23
23437172 98823562 1.459336992 65967 23
23440373 98761388 1.444303180 65969 23
23845526 98829875 1.473647171 67215 24
23864197 98808448 1.470100355 63734 24
24218757 98861732 1.470051580 64025 24
24476401 98784896 1.466002618 65182 24
24730147 98819697 1.479064321 64295 25
24814224 98832395 1.488457464 64169 25
25007360 98832296 1.503849147 67816 25
