19337278 98766665 1.392185192 63451 19
19568250 98755746 1.396591280 64665 19
20046328 98773620 1.423312864 64199 20
20195592 98775503 1.409543716 63431 20
20225464 98756204 1.413259422 65634 20
20434003 98773426 1.417582221 64916 20
20518101 98754499 1.422184126 66187 20
20569478 98719115 1.429521079 62658 20
20808286 98779967 1.422042707 66107 21
20814022 98760871 1.427727803 66280 21
20897275 98789472 1.444335511 67291 21
21221874 98766834 1.430627342 66545 21
21361430 98743441 1.435806371 62798 21
21389370 98777980 1.447189596 62409 21
21406531 98757076 1.435160807 65599 21
21529431 98800045 1.441944222 63443 21
21553123 98785009 1.446112991 66792 21
21592743 98772002 1.449040879 64758 21
21625237 98766571 1.437910736 64381 21
21626287 98774360 1.454755977 62241 21
21943723 98792559 1.512700902 67256 22
22270873 98782368 1.463604979 62886 22
22321639 98777437 1.465642192 64253 22
22655372 98745738 1.472346033 67466 22
22738644 98769765 1.483529936 65313 23
22882623 98839794 1.479417271 68395 23
23199448 98816928 1.492273818 65418 23
23724280 98775232 1.486299949 64247 24
25139283 98785155 1.525694105 61849 25
61004127 98832103 1.925265382 64150 61
