53571713 98952862 2.068326432 69176 54
53691860 98938643 2.071822304 67302 54
53698224 98962836 2.067170661 65258 54
53739694 98897327 2.057345339 68350 54
53742735 98933929 2.074558056 66210 54
53752511 98949110 2.083525866 66081 54
53949865 98945491 2.071418108 66061 54
54014126 98974093 2.233926542 67201 54
54043787 98920617 2.060607158 66815 54
54048782 98949880 2.078207601 65605 54
54203445 98918994 2.261458311 69847 54
54323547 99038612 2.073285297 70312 54
54334907 98967231 2.089688132 69317 54
54338586 98946377 2.074619280 65596 54
54427894 98912718 2.065135747 67777 55
54492244 98938363 2.169177317 69061 55
54597415 98973707 2.076385996 67669 55
54600465 98937579 2.075906474 66057 55
54625026 98943265 2.078180347 65293 55
54730609 98956307 2.078700099 68573 55
54733463 98950380 2.073598392 65870 55
54887494 98943133 2.086680757 70358 55
54902717 98945538 2.087110608 67182 55
54928777 98921012 2.081989675 65554 55
55001948 98979683 2.082724708 65045 55
55033003 98989930 2.068116264 69580 55
55103201 99031087 2.186599464 65608 55
55563894 98993465 2.093285850 68647 56
56472748 99012333 2.089616708 66602 57
59766772 99039139 2.149692292 70853 60
