56479741 98890124 2.078767459 67593 57
56565702 98937107 2.088049474 63938 57
56569580 98919597 2.091828258 67390 57
56598594 98930110 2.080304111 67541 57
56644889 98934204 2.077309462 65444 57
56651674 98855008 2.075991396 66453 57
56669329 98948862 2.092517176 68926 57
56669896 98901590 2.061997801 67725 57
56674254 98879714 2.040053452 70337 57
56677781 98929376 2.084905545 71060 57
56686354 98952072 2.505517059 68886 57
56692479 98959629 2.098294469 67729 57
56725537 98963749 2.081443880 67896 57
56736122 98990478 2.100344984 64667 57
56742822 98996522 2.102080159 68872 57
56810913 98983407 2.069751527 65407 57
56943989 98939235 2.102145521 68074 57
56947266 98985783 2.084384435 68584 57
56958237 98957199 2.077316357 66216 57
56964968 98934257 2.106573959 68977 57
57173494 98956949 2.101121190 68113 57
57192051 98909704 2.074228730 66056 57
57259471 98954117 2.096262112 66013 57
57345464 98905554 2.097825811 66767 57
57468470 98959220 2.088532433 67246 58
57502710 98949950 2.108379245 69295 58
57555849 98967104 2.092568708 66151 58
57676833 99060409 2.123742773 66135 58
57894610 98951805 2.084163998 67856 58
58079095 98955722 2.124081806 69238 58
