71689456 98890012 2.199700532 66900 72
71696151 98949345 2.227211318 68664 72
71728595 98880314 2.204328334 66878 72
71739084 98855243 2.202602405 64642 72
71763026 98876360 2.296701252 69192 72
71785150 98910762 2.213539076 68736 72
71823560 98968394 2.264780710 68987 72
71854756 99014995 2.272051145 69090 72
71857501 98964701 2.218116378 68164 72
71888620 98989949 2.217417587 67059 72
72000752 98973843 2.222714356 64893 72
72029096 98993309 2.228321515 69392 72
72058216 98885371 2.259368244 70469 72
72071831 98923282 2.232515308 69719 72
72127674 98943236 2.228215489 68280 72
72197520 98951045 2.236233062 67447 72
72258483 98943440 2.252578455 66792 73
72262290 99021911 2.271772690 66738 72
72364055 98967232 2.238670736 68328 73
72364408 98915093 2.207170124 66016 73
72409270 99011208 2.245332806 69087 73
72437455 98935550 2.220468387 67017 73
72519819 98932694 2.213914727 67141 73
72560533 98948327 2.272345118 66789 73
72672443 98990649 2.271510972 72701 73
72781281 98945405 2.258800734 69678 73
72811716 98923474 2.238051046 65418 73
72848416 98880981 2.236080728 67286 73
73049353 98891935 2.192766349 69163 73
74051636 99053367 2.285543897 68585 74
