62491984 98870858 2.124356296 65828 63
62495801 98944459 2.141480343 67087 63
62516408 99029699 2.136634963 69429 63
62534111 98887717 2.119294696 67965 63
62556886 98881762 2.125206605 69000 63
62564276 98883788 2.222573306 71112 63
62576801 98908709 2.150949779 68191 63
62588406 98894747 2.138178286 69017 63
62589951 98884993 2.119544643 68963 63
62613972 98916479 2.135910714 70079 63
62617617 98949162 2.146843959 69715 63
62618508 98949700 2.145240163 66737 63
62618730 98975542 2.154837674 70131 63
62624424 98956935 2.143807393 69119 63
62631729 98918090 2.169779126 70110 63
62644082 98942783 2.163752930 67950 63
62668109 98984823 2.390995846 70117 63
62743307 98989673 2.282877295 68740 63
62819400 98908146 2.139306715 69233 63
62824281 98981805 2.145454171 70681 63
62874348 98943488 2.159018685 71170 63
62901451 98966092 2.134021660 66812 63
62911423 98993100 2.151884004 67652 63
62930996 98908344 2.348071976 68835 63
63269525 98941753 2.146256731 69953 63
63272221 98899112 2.119228158 69924 63
63407151 98898882 2.148341182 68890 64
63430023 98910732 2.155397187 70374 64
63572941 98974987 2.146173356 65925 64
63617506 98909140 2.146454123 68677 64
