15368554 98839019 1.275401949 65428 15
15739901 98837204 1.294461176 69121 15
15957125 98826463 1.292038520 66458 16
16276112 98815809 1.301318653 66955 16
17592389 98839547 1.344362295 66746 17
19674788 98862029 1.410318932 64879 19
19763282 98874417 1.411455129 68157 19
23339840 98843772 1.475754279 64388 23
26452669 98956441 1.575295213 67370 26
28732561 98941670 1.632638260 67304 29
29471584 98829249 1.657110192 65561 29
31212487 98842723 1.532903803 68890 31
32581202 98859256 1.645819963 66378 32
34183939 98827274 1.652459076 68122 34
34392529 98960477 1.755488727 69348 34
34472606 98793857 1.727265111 66600 34
34751905 98829530 1.795231853 72912 35
35581573 98857686 1.704696443 67044 35
36516845 98893153 1.658221256 64893 36
37199786 98934881 1.768678127 65131 37
37328016 98897209 1.795129245 67861 37
38237618 98910855 1.834640885 63833 38
38490470 98895753 1.690893113 65601 38
39403779 98844302 1.877972784 66070 39
39855158 98908242 1.855929366 66812 40
40023382 98847926 1.776163132 69897 40
42495644 98868342 1.927359242 62281 42
43365260 98985044 1.898563721 70295 43
44961907 98924877 1.876650280 66370 45
47100088 98909732 1.970098272 65353 47
