16628896 98777359 1.304655737 65920 16
17733249 98789548 1.307976995 72359 17
17922698 98811962 1.326235001 66589 18
18475417 98790982 1.333915199 68226 18
19000005 98736803 1.361090681 65928 19
19549381 98813374 1.378468075 67068 19
20577047 98805654 1.374532928 67792 20
20791058 98830680 1.383177257 64538 21
20866116 98825584 1.417202247 65559 21
21481511 98768129 1.378220930 66200 21
21524637 98834071 1.423536416 65625 21
24193426 98838336 1.474167488 67105 24
24416403 98836371 1.441667495 63229 24
27016064 98857075 1.492568676 70048 27
28969585 98974532 1.631629559 67820 29
31925729 98851907 1.745400753 66678 32
34336600 98818496 1.622667269 68689 34
34934841 98838935 1.612872856 67900 35
37199508 98823491 1.499012223 65793 37
38524883 98910761 1.649974165 65895 38
42079951 98852463 1.703416365 66838 42
44205125 98838804 1.779855502 65792 44
44761645 98854483 1.791296685 64718 45
46892913 98914008 2.109034694 70316 47
47222516 98852082 1.791259768 67685 47
47367589 98804673 1.830704789 63005 47
48291257 98852012 2.101975166 69028 48
49378226 99022331 1.912163932 65034 49
52341602 99001227 1.942114799 65027 52
54423055 98993393 2.033515261 66474 54
