41689458 98931904 2.028103613 65880 42
41814245 98894655 1.945025238 67189 42
42331724 98959136 1.942618629 65647 42
42502620 98917628 1.936377853 66384 42
42514411 98966581 1.975943415 67009 42
42524487 98926841 1.925107713 68276 42
42578542 98915771 1.957231997 64814 43
42603046 98922879 2.005795633 68185 43
42665462 98945185 1.942320444 69129 43
42668042 98913262 1.937134550 69588 43
42695157 98994180 1.959251388 68261 43
42839976 98950670 1.963523286 67386 43
42866285 98891131 1.947136843 68468 43
42944834 98936090 1.980915835 67975 43
43101131 98894417 1.953214523 67652 43
43106491 98929187 1.948749180 66947 43
43167894 98915580 1.948098758 67661 43
43262996 98951292 2.100761524 67747 43
43325961 98892838 1.983967790 66009 43
43402754 98931319 1.964173689 64930 43
43549606 98949686 1.970543167 69562 44
43702182 98958634 1.969272036 66607 44
43990144 98924203 2.037698953 67754 44
44257343 98994214 1.985626029 65145 44
44653941 98907064 1.972381625 66047 45
45555832 99066844 2.000314472 65681 45
45652666 98992708 1.985919485 65449 46
46886441 99015514 2.028846572 67179 47
47183345 98978935 2.028147050 68212 47
47548826 99067159 2.033570644 66688 47
