15865040 98807755 1.259142418 65647 16
16947634 98815658 1.308841171 67496 17
17163513 98810850 1.278023301 65398 17
17249617 98782327 1.256665450 67310 17
17458108 98794073 1.320667322 65902 17
17667078 98825313 1.305302577 66999 17
18234480 98794875 1.336559143 68732 18
18906114 98799956 1.550313504 68313 19
18956535 98788544 1.262561972 65082 19
19799288 98828692 1.365735764 66586 20
20557009 98779045 1.385457682 67654 20
20806554 98830580 1.385718431 67251 21
21756212 98798080 1.340876173 68137 22
31079982 98944762 1.687894783 66441 31
31442566 98814259 1.503866542 69090 31
32413649 98864510 1.591273743 68534 32
32626872 98835162 1.534352555 66738 33
35387507 98861514 1.710741229 65831 35
36782089 98929140 1.755660447 70056 37
36852411 98905985 1.851587225 66888 37
38195880 98840116 1.734187832 69797 38
38430200 98863088 1.696241974 68333 38
38917465 98847279 1.762839988 69683 39
39439960 98877913 1.899645307 64665 39
41369791 98874400 1.778122189 65629 41
42155611 98865322 1.792944072 68110 42
42771333 98865943 1.906899493 68609 43
43085505 98884521 1.889235702 69167 43
43149703 98892309 1.886008902 64920 43
46533075 98923583 1.966047846 67974 47
