19957257 98757962 1.410671292 68458 20
20310112 98744348 1.410362792 65798 20
21165076 98798812 1.444143994 63781 21
21169010 98724221 1.423272458 63782 21
21260084 98781617 1.421307484 65754 21
21278172 98768115 1.416964512 66897 21
21657533 98775231 1.442817782 63772 21
21667650 98795386 1.433992758 63750 21
21982960 98808004 1.450873629 63232 22
22080566 98802294 1.448776069 64535 22
22108617 98800015 1.444764422 66077 22
22479105 98758628 1.455829896 64032 22
22489475 98805760 1.447203428 62637 22
22701630 98800284 1.464777159 67442 22
22733220 98754444 1.470223215 67338 23
22735327 98833591 1.469728466 63195 23
22956223 98805712 1.490282926 66060 23
22981078 98833411 1.463981987 65732 23
23178742 98769448 1.532741188 66053 23
23259131 98857103 1.501971731 66823 23
23556831 98785461 1.510459633 67095 23
23575888 98815765 1.489391175 68752 23
23913007 98797827 1.490440900 66658 24
24201721 98822927 1.500715304 66876 24
24237395 98782376 1.492534662 63022 24
24317319 98774517 1.488946341 67839 24
24725365 98828358 1.511748905 64825 25
26207900 98860849 1.547833748 66222 26
30655463 98917918 1.665864955 65774 30
31272281 98912445 1.685044510 67432 31
