47637289 98928054 2.006439591 71184 48
47639401 98917739 1.992823709 68109 48
47698355 98901290 2.000056674 68950 48
47712646 98941966 2.002406195 66215 48
47717376 98887093 2.010667538 68556 48
47743061 98962452 2.007364375 66854 48
47744589 98943791 2.010335251 66618 48
47757451 98917134 2.147644743 71038 48
47767429 98934456 1.994170477 65983 48
47796749 98953001 2.060902482 69468 48
47810897 98928600 2.016391367 69108 48
47817575 98947532 2.012186769 66631 48
47828159 98935378 2.014822270 68910 48
47829834 98934569 2.002505656 69891 48
47845736 98916785 2.004836145 67522 48
47849607 98932573 2.029100285 70939 48
47917915 98916392 2.006954825 68877 48
47919617 98909331 2.011263194 69049 48
47926425 98908996 2.016385645 70456 48
47994889 98974363 2.005053909 68513 48
47997403 98918965 2.015149720 68932 48
48072714 98944703 2.021813608 66595 48
48186984 98938170 2.009102444 68611 48
48452988 98909238 2.024559501 69017 48
48708278 98981224 2.027383703 70041 49
48795654 98943784 2.031191741 66097 49
49057077 98948040 2.026176000 70842 49
49130390 98982399 2.062889310 66855 49
49147392 98957435 2.018920661 69265 49
49285654 98963440 2.048591597 68568 49
