59473932 98951453 2.110945691 68471 60
59490226 98943186 2.121100272 66991 60
59555144 98917435 2.101464468 68624 60
59565071 98937243 2.124965746 66349 60
59572156 98957917 2.124490409 67956 60
59577289 98883755 2.109248626 68887 60
59582639 98887658 2.113622391 68200 60
59596994 98916760 2.113643985 67654 60
59609090 98908992 2.100201809 66986 60
59616627 98941846 2.105186407 66757 60
59630258 98971663 2.133826672 67896 60
59660750 98927706 2.414931205 72499 60
59725193 98928569 2.122510926 67635 60
59728411 98978282 2.117689567 67255 60
59757870 98921899 2.120704488 70043 60
59767880 99004298 2.121117812 70623 60
59838896 98914290 2.124452331 67324 60
59934261 98962626 2.118076460 70846 60
59941631 98968325 2.126616691 71974 60
59949628 98982716 2.130030730 70017 60
59959721 98949972 2.115905957 69968 60
60073801 98995252 2.117836855 69478 60
60136725 98892105 2.122137219 66379 60
60165532 98934886 2.120115849 66787 60
60234743 98912766 2.118369231 69340 60
60289226 98942400 2.129012481 67528 60
60318829 98950869 2.133230188 70277 60
60393615 98953783 2.129800294 68366 61
60636076 98949597 2.123071107 68777 61
60740006 98993535 2.139489645 69698 61
