19108847 98792738 1.436919505 67519 19
19766253 98841830 1.450238992 66004 19
19877505 98860894 1.468044840 66653 20
19912666 98849767 1.471188848 67187 20
19947139 98853990 1.467545379 66522 20
20104403 98822615 1.458720377 67331 20
20452205 98813333 1.473879520 67894 20
20494581 98847742 1.480168307 67335 20
20530904 98854552 1.470306294 66306 20
20658377 98885763 1.468567036 66112 20
20787949 98855166 1.485000500 64876 21
20869973 98839936 1.486998602 70421 21
20877029 98813692 1.489935998 66987 21
21042565 98892395 1.565870470 65015 21
21068334 98834704 1.483731447 66037 21
21186340 98831118 1.488713745 64351 21
21330443 98853613 1.508008026 64942 21
21388124 98840885 1.498041372 64394 21
21466044 98879781 1.500666629 69645 21
21597149 98905431 1.513114102 68430 21
21658263 98822310 1.494217493 69800 21
21697707 98854572 1.507020808 67057 21
22038871 98877641 1.505203030 63881 22
22089253 98831171 1.503696269 65911 22
23718966 98884732 1.546251736 67383 23
23729550 98816026 1.548146748 67416 24
30316580 98957871 1.725125695 68745 30
32113841 98951939 1.735863089 66240 32
34167863 98948002 1.784390333 64798 34
36172236 99002608 1.822687060 65657 36
