21638459 98779204 1.403159689 64607 21
22116704 98812570 1.403053880 65056 22
22189002 98809638 1.433553937 63347 22
22312006 98776835 1.424364480 68613 22
22370651 98834940 1.427262325 65059 22
22478613 98802228 1.404750066 65305 22
22709113 98799736 1.426423159 66396 22
22767078 98800175 1.427562972 66647 23
22774166 98810405 1.419349728 64418 23
22825914 98811535 1.417700879 69972 23
23242082 98823268 1.438493637 65600 23
23414042 98838251 1.443486011 66676 23
23594128 98766640 1.452553478 65888 23
23745047 98836660 1.467130279 64155 24
23752654 98811626 1.446977434 67607 24
23857892 98833248 1.465841353 65881 24
23869171 98841057 1.463567234 63719 24
23966613 98808846 1.466297778 65262 24
23976012 98830120 1.460561604 64890 24
24048247 98795437 1.440624311 64265 24
24125338 98807051 1.470640760 65331 24
24141970 98791653 1.490455215 65023 24
24205806 98808573 1.456635121 62779 24
24633446 98811541 1.471619740 67246 24
24754588 98833148 1.487194452 65199 25
24775492 98825364 1.476741090 65711 25
26290043 98840455 1.499490437 66007 26
27290152 98862313 1.516309849 65225 27
31103705 98893616 1.606579810 65013 31
32939636 98939709 1.697028967 65399 33
