20619956 98783978 1.345803198 63634 20
21445451 98806803 1.373488194 66254 21
21495080 98804396 1.363023988 70821 21
21560594 98827138 1.369899324 64981 21
21660291 98780640 1.379710758 66209 21
21887889 98765881 1.371178442 65965 22
21999710 98831345 1.401611687 66959 22
22257731 98780925 1.369196214 63637 22
22523016 98803631 1.397427937 67339 22
22646460 98831847 1.389630000 66918 22
22679245 98833605 1.384198226 69136 22
22813038 98825560 1.405167977 66943 23
22885105 98746468 1.397755097 66776 23
22950891 98830945 1.417225654 65008 23
22951859 98838039 1.408896076 66733 23
23041274 98826293 1.581132442 64660 23
23116371 98754511 1.398408677 66156 23
23446903 98794519 1.427916711 65917 23
23471153 98799781 1.416254744 66112 23
23552626 98833702 1.424361348 65545 23
23720656 98808699 1.438434987 66186 24
23739255 98756784 1.437699373 62736 24
23753277 98817442 1.417146871 64256 24
23975805 98822045 1.596771697 66653 24
24213263 98816911 1.448666442 66900 24
24267054 98843956 1.437097881 70231 24
24346640 98781225 1.435893573 63495 24
24612840 98825385 1.469954531 64462 24
24811702 98807552 1.640308822 64122 25
25010964 98794081 1.452780772 66677 25
