17390075 98775982 1.263830266 64520 17
18625867 98788913 1.308977860 66290 18
19014034 98787100 1.323202175 66336 19
19225860 98802875 1.339117551 65343 19
19485459 98779242 1.526258222 65875 19
19806958 98772049 1.701235173 66959 20
20316233 98817177 1.387309820 66424 20
20986393 98837392 1.403334088 64324 21
21024283 98818515 1.557420753 67300 21
21699364 98856863 1.422833797 64672 21
23014403 98811859 1.395816924 65278 23
27858100 98802758 1.466918548 64128 28
36413340 98778121 1.490118060 64630 36
38060199 98782228 1.494226432 65974 38
38455990 98820882 1.522517504 65208 38
39573985 98825933 1.635917247 65821 40
39912302 98843448 1.601403965 63428 40
41013207 98843818 1.780790796 67960 41
41194723 98788692 1.662078355 65434 41
41696466 98798516 1.738162653 66552 42
42564206 98764561 1.642507964 64960 43
43092332 98867067 1.796420672 65420 43
43320573 98836940 1.791995826 65761 43
44963744 98812357 1.724413000 67183 45
46592172 98953344 1.814705378 66320 47
48589101 98861176 1.862236163 64754 49
48795844 98904492 1.874422425 64711 49
49225663 98888270 1.968769763 67434 49
49690818 98859558 1.927997588 65475 50
52879847 98879670 1.992147674 64896 53
