21483294 98808956 1.388200746 63940 21
22024036 98779613 1.397436189 65326 22
22287516 98747983 1.391507389 63556 22
22385025 98747936 1.404784099 67122 22
22454990 98802572 1.415756307 64906 22
22494407 98787241 1.412622907 67064 22
22605438 98816537 1.407045961 65354 22
22667609 98798603 1.416650822 65670 22
22684065 98801178 1.416856864 65108 22
22764689 98774738 1.414246421 65876 23
22829967 98805296 1.426433729 65456 23
22925579 98799769 1.431013768 63486 23
22977776 98825152 1.430938018 64073 23
22988633 98805150 1.416037723 64443 23
23016018 98777045 1.443320802 63794 23
23175038 98780993 1.676234556 66981 23
23245541 98810874 1.455064384 63746 23
23271488 98802458 1.438130181 62800 23
23273311 98831934 1.464202893 65591 23
23274504 98804648 1.426829753 66755 23
23332739 98800401 1.941885047 69321 23
23409918 98784129 1.429254577 65365 23
23491162 98832692 1.445612546 66021 23
23709489 98818785 1.438511459 64786 23
23818098 98807784 1.676286538 65768 24
23918399 98808078 1.433567592 65259 24
24064096 98752094 1.440210770 63569 24
24095695 98822045 1.440630570 67912 24
24104657 98813357 1.456206686 65631 24
26388487 98837781 1.484361405 65640 26
