19058558 98795911 1.339407686 66125 19
19071491 98775816 1.321680750 66147 19
19345354 98754985 1.324437468 66181 19
19645611 98800487 1.347602478 65202 19
19677953 98783158 1.334775292 64161 19
20048811 98777463 1.337413453 64959 20
20942282 98839898 1.381180469 65466 21
21363711 98803686 1.407475933 66286 21
21826429 98831553 1.407834143 63733 22
22651404 98803221 1.364813915 66627 22
25653047 98818949 1.369542060 64233 25
27652372 98828726 1.495393363 63773 27
39981356 98795875 1.511685856 67299 40
40396348 98831394 1.546489698 68636 40
41191561 98816422 1.499555142 64839 41
41619213 98837196 1.666761133 63570 42
43633311 98802312 1.607945331 65177 44
44300042 98832795 1.637436944 64967 44
44329819 98865299 1.690294157 64949 44
44366563 98868738 1.678383888 66789 44
44500175 98791155 1.705736575 66513 45
44515711 98829759 1.683245222 65434 45
44718551 98837083 1.759589613 68482 45
44857470 98814043 1.781403824 71355 45
45360004 98852568 1.691695226 65765 45
45916809 98866936 1.773699072 65262 46
46426328 98850921 1.801806980 66486 46
48767404 98874151 1.863353235 65296 49
51000794 98848484 1.872823354 64502 51
53171358 98888067 2.476273983 67171 53
