14745061 98879048 1.325371623 67250 14
14899193 98865704 1.328188542 67876 15
15161702 98909637 1.342249756 65381 15
15202151 98865458 1.346889006 65188 15
15301485 98850326 1.339725656 65666 15
16144951 98824624 1.349502578 65775 16
16301175 98849930 1.351936722 66580 16
16322432 98775538 1.364684047 65607 16
16529843 98820710 1.359977204 67375 16
16603392 98864311 1.360696858 68433 16
16700305 98850907 1.375335138 68119 16
16706075 98833079 1.378045692 66673 16
16711374 98858067 1.350749846 65270 16
17909273 98892985 1.401840591 67414 18
19159963 98921542 1.438989648 67336 19
19986835 98931016 1.478755577 65428 20
21064239 98830471 1.422230721 69250 21
21082406 98876048 1.448129685 64505 21
21173049 98866113 1.469052034 69771 21
21647030 98915736 1.488691979 64790 21
25092501 98910736 1.573417871 70120 25
37228432 98930889 1.827341757 66270 37
38334325 98949632 1.811968645 65632 38
40342382 98944282 1.920074901 63968 40
42744843 98896202 1.902795432 65483 43
45509578 98963913 1.912370896 72684 45
45861249 98954739 1.942075781 68903 46
47771509 98904628 2.006621951 66376 48
49331676 98954145 2.024106810 66608 49
52523713 98903695 2.043461831 65535 53
