13832656 98736219 1.522083621 65839 14
13877104 98762786 1.282305311 64365 14
14080141 98777853 1.290475188 61427 14
14372004 98749724 1.310603218 63421 14
14519919 98764814 1.303525473 62905 14
14563086 98769741 1.303415002 65823 14
14731123 98750343 1.316095030 63610 14
15021218 98765919 1.313723834 63066 15
15470028 98771583 1.323087210 65401 15
15599742 98766570 1.330972267 66623 15
16154190 98790237 1.347649915 67089 16
16488209 98779115 1.360991649 65298 16
16523123 98777473 1.357584705 65651 16
16702246 98774645 1.353398481 64031 16
17193328 98769476 1.380353024 63128 17
17268891 98780754 1.390480746 62301 17
17650093 98770568 1.387005163 60673 17
19062340 98844888 1.426066205 69642 19
19107205 98785447 1.430255734 62906 19
19376413 98795585 1.420288135 66552 19
19649829 98777562 1.446695354 66780 19
20835865 98797041 1.464627521 64921 21
21595770 98789198 1.485909478 62992 21
21624119 98830247 1.486636392 62992 21
21997978 98821827 1.484519263 63290 22
22230545 98788739 1.522893530 65758 22
23249558 98798127 1.525924126 64467 23
30095581 98874292 1.680709472 66977 30
37579467 98939074 1.814286155 66138 37
49204995 98837070 1.891186863 69012 49
