15220603 98834409 1.335581608 67096 15
15729594 98780854 1.375133601 63267 15
16323874 98812196 1.362408359 65164 16
16672618 98870764 1.375193985 65936 16
16767901 98869887 1.384845322 67600 16
16773316 98836101 1.372144098 69125 16
16801045 98830335 1.377339901 64938 16
17036940 98850423 1.385652671 65488 17
17213477 98881476 1.408714738 64720 17
17329466 98827968 1.392281744 68907 17
17483319 98792552 1.402269321 66045 17
17830887 98832727 1.566340724 66978 18
17838378 98806561 1.386941391 66977 18
19039296 98835380 1.440899672 66850 19
19612672 98868259 1.453731359 66039 19
20094705 98845542 1.461374191 66411 20
20147510 98880890 1.464318215 65338 20
21475741 98872859 1.495586977 65287 21
21870768 98899362 1.513491615 66948 22
22549332 98913154 1.517074010 67235 22
24673523 98965506 1.579983493 63854 24
27480582 98969829 1.660453614 64548 27
31192000 99008586 1.719537103 66497 31
31485125 98993697 1.680994205 63972 31
44607897 98936614 1.968963918 67932 45
49668355 98955459 2.150979304 68693 50
50097608 98920234 1.998102639 69067 50
51217316 98936451 2.166384653 67110 51
53007778 98945719 2.068979265 68941 53
53526084 98923026 1.995300309 70105 54
