36158408 98893794 1.855556192 67178 36
36187928 98935485 1.864483099 65618 36
36197307 98913548 1.852777756 66695 36
36230427 98870077 1.862608487 65755 36
36239428 98908974 1.859050456 66016 36
36297049 98898333 1.853214646 65485 36
36332455 98945217 1.868800659 65910 36
36356641 98925147 1.979506851 68485 36
36411207 98900454 1.852040329 65319 36
36434893 98874742 1.859887831 63616 36
36460841 98936374 1.858061758 67559 36
36476621 98939873 1.857628977 66969 36
36531064 98947091 1.996545555 67833 36
36573284 98962514 1.870350008 70469 36
36627861 98937970 1.860330844 66568 37
36720789 98935577 1.870532725 66027 37
36780351 98948484 1.865771651 68718 37
36783553 98907127 1.859260397 68014 37
36892552 98918487 1.862794231 66911 37
36903998 98881826 1.865020679 67306 37
36945105 98926383 1.881393622 67190 37
37008200 98900948 1.914860344 64753 37
37059055 98906917 1.870603369 68982 37
37326860 98953002 1.880639671 66102 37
37915607 98927240 1.872016042 67215 38
38093300 98953094 1.880789153 66540 38
38222592 98905928 1.883941544 68471 38
38462386 98940693 1.880852137 67276 38
38479561 98904405 1.891440289 66575 38
38587534 98902237 1.886448631 68872 39
