20344768 98755620 1.414829530 62037 20
20535719 98768004 1.425000647 67699 20
20641285 98773559 1.427521583 64036 20
20879938 98744204 1.422318245 64382 21
21065563 98764249 1.427521133 67530 21
21073654 98776141 1.433217087 63598 21
21086307 98755816 1.430757604 65147 21
21111458 98763841 1.431290622 64180 21
21179818 98770463 1.432919388 63336 21
21235441 98754149 1.433514047 62056 21
21355011 98760167 1.430010492 64741 21
21360996 98784867 1.435939218 64105 21
21605252 98777302 1.446282803 65836 21
21617003 98714678 1.445994956 65906 21
21646801 98764007 1.423968483 62361 21
21665937 98761576 1.446938798 63573 21
21695035 98766275 1.445783216 63773 21
21708520 98776141 1.443957201 66030 21
21932092 98788779 1.458966267 64484 22
21992443 98792089 1.470116116 62827 22
22099626 98762836 1.452114083 63024 22
22136196 98786180 1.457511347 65621 22
22172634 98766385 1.448747791 67426 22
22243153 98788040 1.467978851 60682 22
22753004 98780177 1.468505904 66222 23
22969630 98770950 1.477053629 62167 23
23010203 98797084 1.481178353 64001 23
23486696 98801839 1.504618669 66860 23
23628150 98788897 1.504352161 67468 23
23771719 98785610 1.501166875 67650 24
