38342391 98989703 1.903238533 67872 38
38898774 98956611 1.905964444 65447 39
39056462 98930168 1.898342734 67377 39
39076832 98930104 2.012246000 66879 39
39124429 98954940 1.902204160 68662 39
39256827 98937308 1.907287069 67705 39
39270629 98930932 1.903811104 65710 39
39296469 98968012 1.915187214 67011 39
39550011 98961157 1.911480362 65610 39
39605365 98924117 1.910925289 64707 40
39606349 98896901 1.902786775 65604 40
39620977 98935943 1.916434695 65679 40
39801240 98929997 1.904127453 67570 40
39887344 98926455 1.919222577 67440 40
39976265 98987955 1.907810841 66813 40
40056869 98931180 1.915602734 64989 40
40142228 98918680 1.911665688 67098 40
40217583 98973415 1.924923596 66422 40
40288557 98903129 1.909021368 65476 40
40497144 98896920 1.916194749 64393 40
40561536 98964764 1.926273578 67907 40
40636761 98890795 1.917301922 67909 41
40662347 98920046 1.911938434 67074 41
41034079 98951054 1.922068320 66527 41
41163507 98962861 1.916701800 68224 41
42399184 98961555 1.953584666 65590 42
42885623 98971444 1.949414801 65275 43
45845914 99036569 1.995840791 68894 46
48184763 99044379 2.045001942 66542 48
48764676 99088183 2.039503264 65701 49
