24321960 98840042 1.577953730 64342 24
24493011 98810205 1.569130582 66179 24
24962521 98888623 1.593303804 66645 25
25070971 98834202 1.625891189 69734 25
25491927 98925679 1.596916355 64674 25
25640887 98869166 1.599728460 68067 25
25651688 98888309 1.598970911 68096 25
26002888 98849781 1.605534547 65242 26
26034968 98867282 1.618503958 64965 26
26069939 98881709 1.613285841 67896 26
26118192 98892222 1.610350384 66598 26
26124000 98866911 1.620815591 66296 26
26155499 98887883 1.633047665 66591 26
26191594 98839631 1.626832170 68128 26
26221593 98897487 1.606506128 67999 26
26287988 98798938 1.622094869 64590 26
26730162 98948641 1.658841929 68508 27
26977985 98880890 1.638043354 68137 27
27606639 98844217 1.652839265 67957 27
28306883 98878269 1.670112172 68301 28
28553422 98875548 1.681179203 65218 28
28688687 98958806 1.673015411 66763 28
28815176 98891930 1.685125801 67483 29
30110277 98952161 1.719399932 66143 30
33192673 98952994 1.763012935 70382 33
34353515 98977211 1.804110735 69470 34
37587237 98964451 1.888841189 68356 37
73234745 98962321 2.225768808 64535 74
74453316 98998634 2.222451048 68594 75
80594948 98981210 2.196906157 65901 81
