18474561 98746795 1.370968084 60408 18
18783939 98745409 1.382417125 63054 19
19292920 98783212 1.397333051 64927 19
19301287 98771744 1.400704795 65878 19
19397768 98769395 1.406481351 65939 19
19556988 98781503 1.406283401 64911 19
19636197 98759647 1.402921239 63547 19
19754752 98777797 1.407767349 66012 19
19784835 98798924 1.411389521 66735 20
20103455 98791202 1.422783746 64313 20
20348508 98768230 1.427186265 65482 20
20411870 98766665 1.424345584 63131 20
20574891 98762430 1.429401911 65471 20
20726117 98785151 1.429158673 64371 20
20734049 98753550 1.443680134 63286 20
20744326 98778186 1.436716903 66298 21
20800674 98767499 1.532460508 62498 21
20806238 98763046 1.430216438 63566 21
20837513 98753283 1.429254614 61969 21
21015721 98779459 1.449164122 61350 21
21066805 98740508 1.446120876 64881 21
21074180 98745908 1.458775589 68071 21
21119792 98776361 1.605413940 63304 21
21174905 98768291 1.449557976 63240 21
21189213 98789460 1.439821999 65207 21
21417814 98744975 1.451968149 67573 21
21602387 98784722 1.449375410 67011 21
21881935 98791825 1.461783730 64964 22
22007676 98792483 1.474742464 61037 22
22133637 98808743 1.493510770 62863 22
