29431130 98937326 1.711212106 65208 29
29807744 98913921 1.711136235 68395 30
30163484 98940789 1.717638895 64732 30
30265579 98861078 1.764062914 66411 30
30341418 98919749 1.719464310 65879 30
30373609 98847454 1.720555686 64786 30
30456404 98916643 1.717885112 64256 30
30513379 98900497 1.731480720 66183 30
30559277 98884627 1.723601203 67478 30
30738548 98893393 1.743649556 65342 31
30811765 98921433 1.740674318 67584 31
30838565 98857798 1.732584224 66357 31
30979213 98913277 1.744014814 69764 31
31075226 98873941 1.722922578 67544 31
31247095 98874076 1.742409560 65812 31
31332484 98878523 1.740153928 65443 31
31511008 98911398 1.782049533 68125 31
31569381 98882654 1.744355477 67921 31
31606965 98906808 1.760679726 67482 31
31702618 98906200 1.755143525 66105 32
31760048 98895408 1.739616417 68242 32
31773778 98941100 1.756596554 65408 32
31896802 98951264 1.765481323 66197 32
32102392 98944046 1.771141315 67707 32
32239833 98894237 1.757013187 67615 32
32467091 98890042 1.757245392 66386 32
32849974 98987304 1.791347575 65770 33
32917144 98942858 1.786544472 64644 33
33738987 98940784 1.792718251 68543 34
38868866 99000108 1.905837721 67095 39
