16095998 98760023 1.347980612 66354 16
16203883 98759162 1.347314891 61505 16
16604831 98770904 1.358932550 63911 16
16643883 98778727 1.353950327 63171 16
16716974 98777757 1.361823496 68640 16
17049659 98731138 1.351389010 60639 17
17684392 98772969 1.378693114 61311 17
18053361 98768441 1.383267120 64904 18
18591778 98795506 1.401200441 65116 18
18937660 98769770 1.421913702 60974 19
18973024 98769632 1.435135995 61989 19
19355433 98790694 1.439045447 65916 19
19538887 98775558 1.434265962 64738 19
19737416 98775704 1.448070371 61762 19
19820510 98737432 1.444206380 62894 20
19892496 98797551 1.427444312 65741 20
19925874 98790071 1.431883830 64790 20
20203778 98777236 1.439337360 63658 20
20230316 98775692 1.455305026 61569 20
20256518 98795406 1.453059944 61320 20
20407388 98777194 1.456361724 65572 20
20718398 98795237 1.461272341 70256 20
20888553 98852227 1.470404652 62233 21
21195187 98751753 1.472203865 64804 21
21735177 98807192 1.477188321 65069 21
22119257 98821139 1.656997357 68017 22
22378325 98758912 1.503624919 65539 22
22469341 98806547 1.503773581 67856 22
23836277 98791489 1.545407642 67385 24
28635688 98861026 1.654735901 72696 28
