21996014 98839598 1.449106825 65512 22
22305398 98814001 1.433363845 67348 22
22466362 98819181 1.453022422 65428 22
22613816 98796506 1.454034693 65779 22
22912489 98752414 1.453230449 66761 23
22995360 98816223 1.471176604 66006 23
23104832 98772407 1.458476055 66861 23
23215580 98815585 1.474921397 66714 23
23227011 98805958 1.461779341 64967 23
23322038 98845800 1.477296904 65216 23
23434564 98833580 1.470352327 66383 23
23570752 98825607 1.484684463 65195 23
23613697 98807574 1.479112722 66252 23
23944290 98841704 1.487080245 69169 24
24016136 98788552 1.476082755 65427 24
24439337 98827967 1.488418300 68671 24
24720499 98831676 1.503636409 66260 25
24928628 98788807 1.507906488 66396 25
27258555 98855742 1.570959733 65999 27
27558865 98897458 1.578830773 64847 27
27650298 98860103 1.572958735 65215 27
28318948 98898914 1.586159412 65344 28
29850278 98915307 1.621867163 66265 30
30163371 98910887 1.638972353 65427 30
30631280 98906337 1.651232920 66126 30
31181704 98941637 1.657105373 64766 31
31738443 98933204 1.654207628 65321 32
32213194 98909955 1.660145212 65605 32
33056158 98938983 1.696546318 63593 33
35252597 98934411 1.748485871 68818 35
