27745331 98860256 1.666626551 67224 28
28069371 98903224 1.693871846 69371 28
28284380 98885397 1.677147420 67505 28
28396701 98877397 1.680946115 69667 28
28526552 98883826 1.736753539 68257 28
28766033 98887915 1.676171372 68256 29
28785509 98894130 1.737792421 71072 29
29088161 98898224 1.692288749 69269 29
29106817 98910097 1.687771564 64318 29
29125976 98910658 1.683492179 68367 29
29268341 98874746 1.694683588 69830 29
29409693 98925464 1.708840026 65200 29
29859450 98872637 1.719653987 67248 30
29859568 98893830 1.702981785 68546 30
29936612 98898602 1.716737962 66928 30
30343505 98901874 2.011376447 70337 30
30369058 98903256 1.714591714 70511 30
30691831 98884155 1.719773484 68810 31
30811157 98874865 1.727762402 67953 31
31401457 98844809 1.725149899 69493 31
31723161 98946412 1.741692483 65285 32
33199990 98954049 1.777774402 66979 33
34359084 98902521 1.810318686 67588 34
34830240 98942912 1.829942455 67610 35
35475590 98936393 1.812433933 69003 35
35985923 98944786 1.828780104 69372 36
38063188 99020936 1.863626944 66983 38
38677945 98990488 1.900102044 66809 39
40018608 98945177 1.877823973 67318 40
48065698 98994297 2.047233537 65155 48
