68759623 98899425 2.207621462 67810 69
68805824 98924004 2.213285700 73637 69
68812250 98956849 2.212050305 67436 69
68816458 98922023 2.200172851 73460 69
68862662 98962864 2.195297951 72295 69
68982710 98887126 2.178996668 70347 69
69029055 98931465 2.193752929 65503 69
69116847 98973863 2.221088220 74659 69
69122800 98977009 2.211656353 71331 69
69126750 98928613 2.185337570 68690 69
69169575 98929616 2.200379640 66619 69
69250188 98930216 2.227406995 69744 69
69321222 98917837 2.211757123 70232 70
69390015 98900438 2.207195972 70451 70
69438244 99007150 2.246961590 68869 70
69461471 98943683 2.219579088 70217 70
69523464 98976843 2.193033687 67848 70
69556013 98964694 2.196765893 66867 70
69597216 98907630 2.311052665 74870 70
69812333 98949061 2.221857591 70089 70
70013231 98970039 2.214814498 70262 70
71353163 98971859 2.250650136 66231 72
72562918 98955238 2.221273182 73050 73
73091726 99037527 2.252340385 71940 73
74846603 99067188 2.302876842 71422 75
75233770 98982109 2.234700717 74419 76
75405945 99022746 2.263786118 71569 76
75776768 99016514 2.240458047 75460 76
76111767 98976085 2.281621993 69911 76
76323568 99015750 2.280489141 67522 77
