65294112 98898694 2.159904316 70285 66
65504232 98978574 2.154269270 68872 66
65504364 98881904 2.132872597 67609 66
65556120 98950537 2.160195758 71431 66
65564537 98943206 2.178120980 69305 66
65570020 98894545 2.147757860 65934 66
65592249 98936254 2.164063337 67115 66
65629694 98888431 2.137597604 66757 66
65682434 98942813 2.163469542 67377 66
65687012 98917587 2.186196976 78727 66
65714424 98961990 2.168984220 69886 66
65732411 98896023 2.170320729 68443 66
65733482 98948264 2.159617834 71944 66
65743504 98997281 2.185761460 65776 66
65772894 98925944 2.154216706 69118 66
65899806 98891797 2.182111346 71881 66
66161310 98963398 2.193356505 72617 66
66237327 98931946 2.194288810 68822 66
66248385 98957781 2.153393364 74803 66
66308686 98965774 2.173610445 68470 67
66400987 98951193 2.178490571 66944 67
66475725 98996118 2.212877854 67958 67
66652598 99049645 2.226171874 69607 67
66727291 98946158 2.269409009 67476 67
66851142 98991536 2.190329337 68606 67
67527368 99044114 2.193123184 67237 68
67673459 98995300 2.227911163 68121 68
68503695 99018109 2.196496366 68592 69
68956635 98968103 2.240147759 70766 69
69557277 99062104 2.208672392 71200 70
