11354326 98765790 1.248033246 59132 11
11414192 98762699 1.198060389 63793 11
11480868 98765059 1.216914948 64186 11
11832886 98705780 1.219073696 60557 11
12051304 98721372 1.244487730 64405 12
12163905 98761499 1.229265221 66679 12
12375265 98745385 1.247579687 63591 12
12414232 98750690 1.243940460 63134 12
12445161 98764687 1.241420898 64628 12
12589935 98723845 1.310032973 60798 12
12643142 98756877 1.254172844 65825 12
12705974 98766835 1.255632135 62659 12
12898973 98754063 1.212406653 66353 13
13476530 98744489 1.281524211 63613 13
13702247 98753519 1.220925193 62185 13
14099509 98762251 1.284471518 61888 14
14386428 98761078 1.306581646 62026 14
14427206 98770601 1.296560227 65134 14
14727845 98760098 1.319419267 61545 14
14744289 98760458 1.321157189 65681 14
15200616 98777621 1.384122782 61475 15
15766103 98726617 1.352641930 65238 15
16052843 98761843 1.254004865 61888 16
16099648 98778764 1.356567413 65747 16
16174354 98770071 1.347654345 65386 16
16446715 98772479 1.354203916 62562 16
16903993 98743128 1.365563486 63291 17
17591925 98760441 1.385868949 61054 17
41561809 98829862 1.892158804 60017 42
45074859 98808419 1.913592475 68587 45
