12993273 98823842 1.285899803 65153 13
13560391 98825346 1.321000378 65321 13
13770032 98834699 1.303600904 67365 13
14260408 98742510 1.288077854 67195 14
14959918 98853766 1.334392261 66519 15
15135061 98805222 1.354871686 69987 15
15259980 98845867 1.343932870 67433 15
15556382 98793750 1.347513987 64493 15
15565159 98827860 1.314789502 68042 15
15756897 98790524 1.335934889 66343 15
15759514 98832268 1.339248378 66679 15
16283554 98866686 1.373199519 65000 16
16385285 98879553 1.343831515 67122 16
16430484 98866905 1.369126782 67868 16
16447815 98788466 1.364961413 65990 16
16814034 98852557 1.380100517 65321 17
17662385 98857111 1.406077361 66822 17
17984322 98864012 1.408824080 65246 18
18172468 98841760 1.520347189 65760 18
18434031 98810999 1.385702197 67927 18
18554507 98867353 1.422014099 68979 18
19589345 98855734 1.437744067 66081 19
20942658 98846076 1.476734138 65958 21
37316730 98880486 1.821171002 67437 37
37638525 98853422 1.851378159 67543 38
39269398 98906157 1.895255666 70636 39
40987692 98926409 1.910827750 65851 41
47578183 98925982 2.043775861 66081 48
47785430 98901208 1.970889047 61847 48
48563237 98882407 1.981850920 64931 49
