13937177 98742234 1.296074344 62953 14
14250043 98710325 1.299702570 62491 14
14625061 98756697 1.309561436 62446 14
14781301 98713795 1.302756799 64938 14
14821639 98762631 1.305428322 65454 15
15370414 98741702 1.331610420 63922 15
15495825 98770216 1.332226379 66372 15
16228366 98763790 1.356713146 69725 16
16233769 98763253 1.350213632 61811 16
16905194 98766323 1.356204546 65828 17
17472776 98754882 1.392133943 64129 17
17870261 98796259 1.397128928 64305 18
17928876 98773162 1.395159320 67791 18
18101829 98799279 1.397599355 65642 18
18105405 98766783 1.387763816 61560 18
18228284 98778834 1.403352265 64826 18
18479858 98771867 1.411509772 64087 18
18614449 98748309 1.403355891 62116 18
18671835 98778897 1.408502220 64630 18
18987479 98778750 1.424792930 66465 19
19115358 98790194 1.421165058 66532 19
19405698 98779495 1.439388342 67000 19
19530073 98769138 1.559121938 62825 19
19543623 98753668 1.466016320 64344 19
19660545 98792886 1.440113154 63936 19
20089359 98789362 1.454445565 67347 20
29105704 98898037 1.682234773 62068 29
52180553 98835902 1.911457089 64280 52
52337913 98825650 1.931209556 63584 52
56904157 98831504 1.970976202 63047 57
