20775873 98789921 1.351654861 65069 21
21561627 98798096 1.357945340 66081 21
21731536 98806867 1.355587180 65648 21
21759150 98779898 1.348313360 66020 22
21761442 98840221 1.372363524 64065 22
21887678 98799619 1.501116095 66248 22
22028014 98803188 1.372239858 64970 22
22038777 98764991 1.368134994 64854 22
22270980 98802412 1.386414615 66011 22
22518482 98785869 1.378983757 64295 22
22670120 98802164 1.419227753 63634 22
23099491 98834643 1.425562936 65184 23
23147330 98814075 1.424078289 63865 23
23190961 98801639 1.394424909 63360 23
23271392 98787718 1.397443995 66596 23
23367362 98823795 1.460459387 63998 23
23471502 98822367 1.530229465 64520 23
23484132 98828937 1.422649617 65382 23
23592189 98783205 1.436891918 64184 23
23626277 98776207 1.409720533 66026 23
23716505 98814317 1.423831043 65607 24
23845296 98786127 1.543512136 64218 24
23881300 98858389 1.437132178 65783 24
24454486 98894212 1.473381325 65339 24
24621448 98856741 1.469261276 66323 24
25135900 98818644 1.462739528 65546 25
25890029 98807586 1.493059791 65020 26
29181579 98888286 1.563676312 65073 29
30662959 98909667 1.622988124 67139 31
33927690 98906706 1.692306127 65722 34
