20448235 98754609 1.337119091 64303 20
20692121 98779339 1.350955539 63048 20
20790930 98793504 1.360809501 64364 21
20842581 98820135 1.370012203 62167 21
20897487 98729843 1.350120262 64801 21
21123377 98805681 1.354797849 66460 21
21207646 98788281 1.356120001 67255 21
21210474 98824549 1.362446052 63655 21
21229071 98725787 1.356440896 68261 21
21297950 98770945 1.366679886 64559 21
21305549 98808883 1.475446269 65587 21
21382845 98780257 1.349771567 65228 21
21397568 98784210 1.373830851 63893 21
21464457 98812566 1.350556403 63374 21
21485084 98821490 1.391556998 66461 21
21535803 98774123 1.358409287 64691 21
21653826 98846243 1.397198794 66455 21
21717756 98763175 1.354934915 67795 21
21865333 98815005 1.372969459 63570 22
21897730 98829097 1.384445674 62885 22
21911133 98827547 1.376109244 63518 22
22260655 98814628 1.392224707 67814 22
22301822 98755470 1.372457391 66024 22
22310192 98837134 1.410894577 63017 22
22314825 98761426 1.395455702 64967 22
22339035 98800595 1.399634236 62479 22
22675290 98765816 1.385361219 65022 22
22684152 98824029 1.417614225 64162 22
22762739 98819524 1.476915469 64406 23
23523603 98837014 1.401599893 64562 23
