21921807 98806405 1.447219325 65690 22
22091790 98808488 1.453503687 68205 22
22595309 98829459 1.467958989 62723 22
22720307 98788871 1.447799337 62902 22
22722654 98789682 1.466055913 64435 23
22748963 98821355 1.457897448 67908 23
23066162 98820720 1.465374052 64069 23
23626218 98814203 1.548588009 65104 23
23677734 98833673 1.475857083 65130 23
23789633 98825648 1.491228830 67370 24
24199798 98813657 1.483438384 65073 24
24301547 98822672 1.495153305 65014 24
24390051 98849797 1.516902857 64048 24
24578689 98820135 1.502833147 67314 24
24811572 98813851 1.509889444 67180 25
25826599 98828622 1.579279120 67888 26
26481970 98912788 1.676082449 68335 26
26836144 98894332 1.559139363 64661 27
27054200 98824805 1.561859417 68665 27
27435876 98845827 1.568804221 64807 27
28043562 98855082 1.568836424 67873 28
28055187 98834016 1.591315792 70263 28
28125425 98872638 1.600349714 64820 28
28527102 98887018 1.598045065 69236 28
29060930 98894226 1.617501612 65609 29
30351603 98912359 1.659075624 66588 30
30410343 98877170 1.655766717 66470 30
30425031 98884047 1.654664964 69103 30
31331663 98940573 1.678664490 66867 31
37734001 98961751 1.809469219 63401 38
