21898094 98885089 1.511379546 67021 22
22415790 98899649 1.528636913 65681 22
22463573 98830827 1.515470386 68574 22
22543440 98872894 1.524408048 67566 22
22619722 98858967 1.533961311 65301 22
22747221 98896733 1.528529195 66529 23
22754920 98839851 1.528026696 67211 23
22880720 98884723 1.539314381 68119 23
23022913 98820332 1.524840338 67225 23
23222372 98881999 1.557185235 64005 23
23265938 98866937 1.549461630 68731 23
23377810 98848473 1.558322925 68793 23
23578045 98864310 1.559470191 66117 23
23636141 98887251 1.560308678 66337 23
23777710 98866755 1.552409714 65665 24
23819720 98820309 1.557641495 67613 24
23874275 98873541 1.554641813 66275 24
24192603 98910423 1.575244232 64237 24
24236315 98859335 1.586640920 67150 24
24368453 98881915 1.568699875 70210 24
24428434 98860024 1.567103327 69357 24
24629801 98914071 1.580950841 66099 24
24755812 98883158 1.578138069 65634 25
24922226 98877523 1.579743964 66808 25
25101026 98864906 1.579721987 65923 25
25827433 98885733 1.600582437 64305 26
26448578 98901318 1.620418152 70882 26
27144505 98910097 1.648379687 68886 27
28836352 98902658 1.654364847 68326 29
41220870 99030124 1.931216726 66796 41
