16242943 98829197 1.276029767 70175 16
17922480 98802106 1.330709702 64065 18
17974227 98800558 1.329653142 65519 18
18176896 98875973 1.345581626 68540 18
18772354 98777768 1.353755942 64101 19
18901773 98767634 1.317871915 64524 19
18918375 98789356 1.348318718 65052 19
18943338 98835926 1.353280902 69775 19
18945531 98840397 1.363125071 65814 19
19005063 98816355 1.364749123 65975 19
19284584 98825093 1.370373113 67070 19
19782324 98787788 1.387232128 65504 20
20007214 98846128 1.327204305 66364 20
20728023 98841835 1.422283325 68130 20
21718035 98755334 1.358899922 66597 21
22038731 98860486 1.437608702 66382 22
26143350 98835231 1.384162092 66816 26
29429249 98806406 1.455845302 65718 29
31060710 98848057 1.489526627 65220 31
31079740 98815021 1.569861074 67950 31
35398093 98833839 1.558335106 68265 35
38164662 98856454 1.734665149 65266 38
39122043 98857934 1.750338122 65760 39
39338163 98855643 1.759189208 65276 39
39905386 98860841 1.748240793 65869 40
39938778 98853961 1.701919809 69717 40
41184390 98826443 1.790303725 69444 41
41294176 98865771 1.790275641 65940 41
45507990 98883855 1.972054464 67088 46
46161818 98884514 1.908832119 67261 46
