11831674 98744294 1.231167958 63843 11
11972504 98761392 1.219706296 64966 12
12334253 98718698 1.233688464 62376 12
12524275 98763635 1.225989161 61519 12
12573922 98760271 1.235454243 60341 12
12618688 98700272 1.248822792 62929 12
13026419 98744805 1.298865830 65417 13
13150550 98706217 1.332084501 66032 13
13376193 98761256 1.250728579 64957 13
13639380 98763550 1.268453909 64968 13
14904029 98772367 1.324771863 63781 15
15217755 98788079 1.319818356 62589 15
15296818 98714377 1.328183898 64157 15
15342386 98785257 1.320393069 64773 15
15786426 98777368 1.342897843 64161 15
15918637 98770875 1.338148560 63058 16
15924368 98765337 1.390737145 62773 16
16467100 98728464 1.361083283 60981 16
16915927 98752404 1.371787932 67345 17
17089636 98720951 1.312056694 62548 17
18394496 98792884 1.494559718 68122 18
19153157 98786660 1.451430574 65157 19
30628024 98827520 1.743984532 65569 30
30825517 98821424 1.789535572 62241 31
33602115 98826344 1.806952747 67426 34
34477698 98920432 1.832645008 64922 34
35612691 98836320 1.857753838 60544 36
38138014 98839393 1.962151529 64861 38
45934839 98829467 1.951887325 64135 46
49499138 98843761 2.013576970 63029 50
