50602673 98918204 2.042032276 65934 51
50628787 98945911 2.029746478 68426 51
50655949 98921288 2.030274778 68878 51
50688950 98913082 2.037952787 65238 51
50690261 98925879 2.038432677 68982 51
50701687 98869170 2.166498253 65911 51
50737129 98913483 2.025549495 68356 51
50740202 98941553 2.043342907 69368 51
50747999 98916978 2.036401463 65372 51
50758862 98974802 2.037288526 68078 51
50766090 98981999 2.100549315 66832 51
50768665 98936972 2.277069269 66216 51
50769406 98934162 2.035197927 66903 51
50774813 98943897 2.049809621 66554 51
50781677 98906563 2.041362891 69235 51
50787016 98949344 2.045381264 67803 51
50793915 98917325 2.025101183 66419 51
50858352 98914441 2.036596068 67806 51
50885776 98946446 2.035527084 69277 51
50928228 98926689 2.038449596 67789 51
51103587 98916681 2.043742077 67813 51
51160983 98958420 2.172339980 69564 51
51281726 98932702 2.056383682 66493 51
51351243 98976713 2.061469593 65167 51
51509195 98935217 2.158278168 71532 52
51531118 98986575 2.073958091 68256 52
51594224 98928990 2.054854737 67699 52
51666104 98940558 2.124031314 67510 52
51893749 98991154 2.118110641 67758 52
52142744 98913511 2.055946807 67166 52
