10662058 98705883 1.166068081 64158 10
11523145 98740191 1.210456515 62761 11
11739821 98748447 1.224326544 64187 11
11848760 98761164 1.225298683 64824 11
12082256 98752616 1.237357603 65152 12
12118965 98724975 1.242277504 61476 12
12325607 98759678 1.234217047 63047 12
12682487 98717024 1.252663963 65969 12
13415553 98764407 1.269971556 66881 13
13454727 98764842 1.376307847 64518 13
13622270 98798771 1.292953554 63183 13
13957313 98702715 1.214125097 64726 14
13966899 98801383 1.306877717 65038 14
14145717 98761375 1.287377789 65329 14
14294459 98762197 1.259844183 61196 14
14333733 98800328 1.309291324 63568 14
14424721 98777703 1.296113204 64669 14
14564879 98771054 1.305081780 62843 14
14965131 98777670 1.345624580 63236 15
15027987 98779273 1.326887479 62470 15
15060582 98783712 1.319282754 65590 15
15084890 98773237 1.381658072 62572 15
15177086 98725423 1.363130026 62765 15
15232752 98785461 1.327057123 63898 15
15431112 98769447 1.335749854 65491 15
15590445 98767903 1.334484551 67221 15
34387394 98841983 1.814827688 64896 34
39088810 98863744 1.838447273 64063 39
43464172 98818570 1.926154541 63256 43
44967275 98811086 1.979805032 63597 45
