17464172 98778070 1.366503764 61413 17
17935683 98776647 1.387935296 65549 18
18559184 98794778 1.398111875 67210 18
19540814 98769753 1.426384633 62416 19
19981788 98782687 1.448230882 63063 20
20637986 98812759 1.460743643 69836 20
22704930 98785797 1.493626558 68090 22
23634205 98815806 1.515918493 62852 23
23697597 98861916 1.516443833 62406 23
24124518 98841784 1.532699013 62588 24
24915241 98816803 1.537559659 65953 25
25325478 98854507 1.565623563 66133 25
25739111 98857019 1.574683090 64895 26
25867266 98852319 1.565710093 66274 26
26182876 98831140 1.571059353 64948 26
26567734 98860908 1.598857773 62184 26
27249995 98902872 1.622863332 65298 27
28159482 98875330 1.606065325 64662 28
28438934 98894992 1.621015118 64713 28
28770607 98885345 1.641659195 60540 29
29103967 98839201 1.580952412 62660 29
30864212 98901317 1.669388391 65113 31
31774540 98931921 1.712804839 63240 32
33241445 98884294 1.741265975 63831 33
34292535 98916550 1.760657537 65194 34
35016500 98886211 1.751775708 66104 35
35582373 98865602 1.754145506 65794 35
35876104 98959568 1.785593762 68900 36
35964517 98868782 1.768488767 65293 36
40336497 98948003 2.187156573 67108 40
