16902614 98787315 1.377943229 63684 17
17423645 98794526 1.370551006 65237 17
17920635 98805424 1.404366866 66618 18
18063823 98826858 1.418581132 66083 18
18090862 98782656 1.428176814 68843 18
18251574 98789156 1.419494253 67899 18
18259728 98758280 1.415013130 67298 18
18429602 98874566 1.421256731 65948 18
18448955 98807719 1.406386851 67120 18
18516053 98773473 1.410788631 66855 18
18614272 98821936 1.425955473 66298 18
18705067 98793868 1.421440473 68111 18
18750804 98898360 1.431826783 65579 18
18951539 98818062 1.422605669 67198 19
19068053 98820691 1.429783334 65696 19
19635210 98886936 1.457256048 65073 19
19697814 98780008 1.443136153 65208 19
19739894 98893686 1.464077954 68178 19
20075226 98810621 1.445602384 70369 20
20206453 98820116 1.452906617 66459 20
20269540 98862522 1.472327256 66581 20
20277253 98859109 1.475244079 66614 20
20325141 98804943 1.449425952 64323 20
20344697 98874547 1.477398850 64348 20
20506470 98887465 1.480595215 67773 20
20583906 98870360 1.474660586 68449 20
20708511 98892658 1.472664637 67298 20
20758862 98791789 1.472979426 64477 21
20810923 98838082 1.480108048 64098 21
21528565 98872881 1.506173881 63624 21
