15656100 98741465 1.324398298 63266 15
16353966 98768577 1.352171678 62676 16
16361937 98777314 1.347544351 65370 16
16373368 98775829 1.357363200 67081 16
16476988 98792342 1.353405987 66334 16
16515191 98755192 1.352732892 66274 16
16602137 98783331 1.359326061 63234 16
16820186 98776760 1.365352961 66836 17
17367061 98792214 1.372981215 61750 17
17438431 98770129 1.373557682 64278 17
17698230 98746797 1.388733365 62050 17
18007712 98773245 1.402389176 63981 18
18244678 98787801 1.391724925 59841 18
18251481 98801988 1.413457192 65782 18
18390946 98762283 1.385391042 60811 18
18403739 98750626 1.407902049 63601 18
19182626 98773649 1.510015659 64742 19
19546369 98809519 1.428946946 71048 19
19678988 98764490 1.441623045 62191 19
20134395 98775230 1.455113536 66099 20
20139179 98814132 1.457870220 66830 20
20446490 98800489 1.461634191 68444 20
20597269 98798296 1.468443095 67471 20
20746067 98791780 1.463764607 64187 20
20928431 98794433 1.471727704 66443 21
21782082 98784524 1.493919176 66679 22
23873306 98809345 1.516646208 69420 24
24203888 98828905 1.541784499 62120 24
24283671 98822153 1.550865506 68635 24
27946754 98817561 1.613897170 63959 28
