14574339 98834252 1.290306624 66663 14
14689821 98775499 1.278301266 65095 14
14706190 98831556 1.283106427 64013 14
14909253 98855076 1.295451243 65712 15
15204260 98749616 1.289133685 65789 15
15476893 98837719 1.293925549 67378 15
15870050 98735419 1.305789483 67912 16
16078548 98853310 1.328312914 65517 16
16407750 98859886 1.326288951 64125 16
17754994 98858687 1.346313768 66618 17
20148662 98838684 1.395982539 65531 20
20454826 98822175 1.434101975 66988 20
24065635 98802742 1.488757582 63905 24
26587419 98861000 1.538002495 65499 26
33207108 98869644 1.660107783 64723 33
33362554 98856935 1.798082520 65941 33
34983184 98870304 1.732624245 67520 35
36352426 98950531 1.778431386 62614 36
37679399 98956273 1.827641579 67319 38
37912024 98891025 1.826058496 68977 38
38914743 98926508 1.846989988 68544 39
40842224 98928048 1.914117563 66183 41
41410222 98893118 1.870788266 66004 41
41702233 98934568 1.950387057 68186 42
43492580 98883142 1.824787755 66835 43
44656298 98914261 1.950205202 67146 45
44788794 98893708 1.987463904 73680 45
47918709 98905778 1.983933117 68852 48
48311332 98899825 2.008792769 62986 48
50810799 98914813 2.050642871 67359 51
