44231871 98896031 1.968524887 70004 44
44655908 98904277 1.964483535 69153 45
44671921 98896683 1.962809151 67433 45
44738250 98886936 1.962395433 68210 45
44752729 98931589 1.983055800 68486 45
44776573 98915300 1.973362259 69165 45
44795537 98916766 1.973772261 69811 45
44817917 98877555 1.966100911 67270 45
44828308 98953816 1.984750835 68574 45
44874182 98938165 1.965952558 67063 45
44886923 98938101 1.979216303 67026 45
44956267 98920585 1.973778216 71572 45
45047524 98927243 1.975887811 69696 45
45149169 98945228 1.978503906 66996 45
45164422 98934536 1.985968150 69002 45
45230844 98925749 1.971428476 68567 45
45233637 98894832 1.986815891 69671 45
45246427 98907226 1.969633292 68434 45
45459271 98926175 1.997551763 65184 45
45495889 98899739 1.978506244 67566 46
45508363 98923675 1.983488816 66242 46
45600489 98915506 2.089342909 68321 46
45604395 99020029 1.992531131 64041 46
45683878 98932027 1.982099979 69462 46
45698023 98957680 1.985286963 67210 46
45744287 98899226 1.983975332 69173 46
46719444 98964975 2.022432393 68860 47
46831678 98919292 2.020561597 69510 47
47508138 98976756 2.160732564 67884 47
51476612 99050932 2.127628251 69508 51
