100421391 100705854 3.286303885 83438 99
100567415 100957910 2.950801126 82195 99
100713938 100987693 2.927674369 80476 99
100725119 101050211 2.961710425 88477 99
100803602 101117421 2.986243224 81708 99
100947257 101265070 2.983601064 84626 99
100961194 101218993 2.910876327 79608 99
101170192 101601506 2.995480371 84285 99
101240245 101555969 2.997867239 86690 99
101297974 101620945 2.951217429 85286 99
101407477 101685494 2.961764493 82138 99
101452300 101740898 3.019551428 87519 99
101481761 101792633 3.035985196 84290 99
101504008 101787340 2.990138328 84196 99
101534931 101784787 3.086864081 74108 99
101633846 101960869 3.036163366 86431 99
101638860 101938258 3.035229033 85208 99
101664160 101964807 3.031179312 86391 99
101711684 102015029 3.030640318 81195 99
101729864 102024332 3.005072494 82996 99
101876205 102179069 3.203612750 80359 99
101930404 102240027 3.013039277 79013 99
102032007 102315837 3.040772123 85121 99
102266015 102552203 3.069009865 78357 99
102288555 102591648 3.077242070 86630 99
102405397 102724346 3.147812323 87841 99
102538739 102827653 3.108085625 84968 99
102767907 103047502 3.105922673 83469 99
102862854 103154171 3.094928984 85605 99
102867419 103147979 3.112088242 80707 99
