18427076 98771262 1.390660543 63344 18
18810355 98780083 1.403349575 62792 19
18858115 98790829 1.408982052 64427 19
18870143 98786299 1.404479211 67329 19
19288566 98776215 1.407479294 64577 19
19328378 98786496 1.419637672 67494 19
19369361 98704082 1.419983709 64356 19
19417858 98775188 1.413715868 65030 19
19523953 98770845 1.417258797 69346 19
19636148 98815549 1.427318226 63871 19
19801777 98756271 1.419432600 68527 20
19815150 98803968 1.434927284 63668 20
19997293 98752770 1.429111970 65802 20
20041726 98738542 1.433820272 65617 20
20062300 98781139 1.436187870 64448 20
20131289 98792828 1.447249392 61759 20
20197508 98799310 1.433440805 64072 20
20302653 98791027 1.442178242 62030 20
20339513 98806080 1.500664474 66071 20
20394385 98792984 1.446944209 62766 20
20447330 98788130 1.441661325 68662 20
20473186 98740992 1.449951440 64871 20
20495759 98767908 1.445548799 66329 20
20557883 98772667 1.440734398 65513 20
20655875 98780624 1.441866510 64748 20
20784385 98804993 1.451345169 64476 21
20925593 98798081 1.452446503 67938 21
21060050 98795379 1.460919270 63177 21
21281384 98803163 1.463941710 65085 21
21495754 98798626 1.457849746 67785 21
