32483063 98907473 1.789367075 65178 32
32647710 98934434 1.776908807 67202 32
32859229 98940842 1.807242222 69743 33
32918403 98909566 1.781989037 67683 33
33084010 98922597 1.799077472 69655 33
33124958 98903523 1.803273413 69543 33
33129775 98891147 1.830104587 69144 33
33212465 98886943 1.797510333 67875 33
33363137 98877254 1.820488567 67404 33
33414133 98913053 1.807704660 66425 33
33454699 98927944 1.999792074 68907 33
33455531 98912965 1.803440177 68095 33
33494853 98887153 1.807183566 65919 33
33561375 98900980 1.812954464 67028 33
33641725 98874712 1.815139947 69916 34
33656417 98912702 1.822327028 68298 34
33822850 98882726 1.820026855 67349 34
33883691 98940152 1.995181281 70560 34
33901040 98890060 1.810945050 69793 34
33970274 98951142 1.827571934 65757 34
34053942 98952575 1.830995005 69990 34
34070959 98893597 1.834661799 68735 34
34120057 98874018 1.850932517 67764 34
34319398 98926257 1.824493587 68447 34
34497989 98914583 1.934052134 66116 34
34585546 98904400 1.821821130 70325 34
34940856 98943911 1.852282468 68523 35
35201646 98970358 1.843680186 67505 35
35460487 98958309 1.853875163 69093 35
35812528 98994636 1.847946404 68665 36
