17557235 98765503 1.369216346 64796 17
17912764 98759419 1.387287408 63536 18
18237589 98780752 1.389206445 63299 18
18542842 98732167 1.405299562 62671 18
18640040 98789317 1.386792033 63540 18
18872680 98747334 1.422706117 65694 19
19088184 98769847 1.407747423 65360 19
19453723 98785164 1.413364520 61472 19
19645180 98796738 1.424726992 64989 19
19840392 98805029 1.436162602 62164 20
20582167 98803953 1.495807902 69837 20
20702488 98802429 1.435943022 63280 20
21195042 98788168 1.451660529 64787 21
21255501 98840949 1.451523049 65739 21
21266015 98810527 1.451383206 66375 21
21869588 98797310 1.456369920 66102 22
22225898 98792442 1.478956724 65589 22
22366200 98789304 1.486071858 64092 22
22900889 98807783 1.529310455 70491 23
23015558 98799641 1.503496538 62901 23
23836438 98816840 1.504206194 69757 24
24138031 98830479 1.538869952 67240 24
24832695 98823420 1.560633210 66802 25
25028324 98832340 1.547119841 62897 25
25373359 98836230 1.546227244 65133 25
25952997 98905373 1.605738018 68485 26
28511087 98861901 1.613416215 60953 28
29804405 98920783 1.681780694 65945 30
34173865 99014464 1.764365474 65304 34
40817641 98925678 1.828073098 72510 41
