21794212 98808198 1.364232111 65649 22
21830822 98792959 1.372959370 66065 22
21850979 98811349 1.383960114 65043 22
22186437 98797124 1.383880734 63995 22
22428121 98793923 1.375758017 65777 22
22521671 98840582 1.406304997 64488 22
22709657 98786011 1.391608516 66787 22
22771167 98802427 1.453474481 66837 23
22818470 98834026 1.401964722 63560 23
23030429 98774667 1.399614284 63670 23
23154417 98804198 1.424131060 63990 23
23232301 98792554 1.688166800 66665 23
23237012 98766846 1.400816300 65384 23
23281883 98847519 1.427789976 62112 23
23485199 98795705 1.459545732 64898 23
23500362 98804533 1.411516115 64454 23
23501031 98813910 1.420692557 64155 23
23675703 98821670 1.433972578 63675 23
23800959 98809749 1.539103973 66813 24
24029244 98823615 1.436362228 65239 24
24210704 98833096 1.434931106 64751 24
24241859 98809362 1.415989234 65487 24
24276835 98867090 1.441889007 64546 24
24353682 98813429 1.445169681 63475 24
24429043 98822173 1.451088234 65773 24
24496863 98841256 1.451450034 65727 24
24701926 98797242 1.454345451 64375 25
24852187 98821187 1.462795906 65303 25
25053831 98781533 1.452302416 63710 25
25539088 98790584 1.468788939 67133 25
