21314764 98751840 1.392960000 68179 21
21800114 98779518 1.399795203 63168 22
21969574 98798936 1.411402378 64362 22
22241811 98809273 1.452562785 65960 22
22390776 98811774 1.397083772 66059 22
22499494 98814140 1.401318961 66866 22
22509249 98735108 1.403977063 64749 22
22713561 98792833 1.416537768 65613 22
22821900 98830215 1.429466955 65975 23
22891415 98786076 1.420443316 64723 23
22947599 98790781 1.404430637 63150 23
23186504 98816385 1.427839795 68441 23
23187413 98778179 1.441778094 63118 23
23207341 98806266 1.423534869 64340 23
23308500 98827553 1.431664626 68604 23
23470758 98796889 1.437975723 63791 23
23523012 98798419 1.427274941 66300 23
23580599 98786304 1.440943099 65520 23
23630432 98809519 1.428278097 66250 23
24077076 98834863 1.436856671 64696 24
24380854 98789406 1.452228226 65743 24
24390794 98836443 1.458188610 63209 24
24495574 98784924 1.463369721 64393 24
24583131 98794773 1.462595207 65965 24
24605619 98829217 1.459579306 64297 24
24998064 98829767 1.454507028 67102 25
24998185 98831647 1.489049122 65171 25
25091457 98830106 1.452975194 66548 25
25113956 98825510 1.449362539 67676 25
25809929 98802942 1.490465341 64883 26
