9033 42294657 0.670053556 0
12700 48769354 0.668524158 0
13390 61186772 0.708540514 0
23196 47132548 0.668266562 0
23407 47146007 0.680188588 0
23824 59527537 0.676937584 0
23997 45640494 0.674647677 0
24613 47418575 0.665164976 0
24667 45531946 0.674226287 0
24676 45898337 0.676842409 0
24736 28648836 0.663522703 0
24747 30406210 0.660620222 0
25483 42418436 0.669782239 0
25775 47436566 0.671914901 0
25794 42176044 0.667709402 0
26102 57551674 0.676364975 0
26268 31600831 0.666223234 0
26483 73551824 0.685964393 0
27051 48708675 0.667963892 0
27069 48750219 0.676675756 0
27149 50253469 0.688863314 0
27421 47197907 0.667381798 0
27552 59495717 0.677170387 0
27606 59262199 0.728256455 0
27872 57929910 0.674413244 0
28065 33180305 0.679715448 0
28138 16330954 0.665877510 0
28533 44117053 0.662194139 0
28560 72647630 0.677039399 0
28847 62983537 0.677932868 0
29384 33541479 0.662785782 0
29559 61102246 0.672369136 0
29695 50888172 0.722741936 0
30114 56277135 0.680044471 0
30364 48637720 0.669623265 0
30423 31951116 0.670713536 0
30429 47139297 0.665549191 0
31126 48706028 0.664603264 0
31327 31999010 0.666718088 0
31566 44070762 0.675889043 0
31570 47204914 0.665586384 0
31642 40095963 0.663336902 0
31677 45540624 0.662601014 0
31903 48636011 0.683416510 0
32169 61094174 0.678019746 0
33268 48812717 0.682653522 0
33317 50432213 0.666733239 0
34413 25673956 0.660093826 0
34744 45634901 0.673858863 0
34952 33554003 0.667948465 0
