49720767 99179333 2.006178929 0
49767536 99169530 2.009999094 0
49803770 99166733 2.003770440 0
49806181 99153296 2.013605940 0
49884296 99141383 2.013750471 0
49959423 99126375 2.003188420 0
49987585 99160001 2.008886908 0
50016561 99156925 2.023429614 0
50025425 99179941 2.017273250 0
50026098 99148067 2.026925227 0
50047417 99176261 2.012582238 0
50052323 99170993 1.998020097 0
50064291 99134637 1.998394419 0
50082961 99157634 2.006840392 0
50087270 99162421 2.006125309 0
50115689 99145943 1.995061497 0
50147205 99174184 2.025061276 0
50168161 99165054 2.011557222 0
50171553 99155382 2.009341491 0
50180165 99166213 2.015521914 0
50182032 99169094 2.008815240 0
50194034 99177090 2.387542642 0
50203692 99157423 2.021211753 0
50208369 99157341 2.000640199 0
50213070 99168585 2.006037182 0
50222371 99172381 2.050263477 0
50228826 99163285 2.015237266 0
50235173 99166225 2.027169471 0
50235535 99172094 2.019371600 0
50250000 99179992 2.027220250 0
50268629 99142379 1.994638982 0
50279400 99164307 2.007320010 0
50292928 99170483 2.001620202 0
50317555 99161998 2.014407655 0
50328924 99146912 2.011402028 0
50354713 99148997 2.030809570 0
50355430 99168226 2.006594975 0
50415841 99157226 2.023734825 0
50430368 99166168 2.000959993 0
50434954 99165226 2.004544919 0
50437355 99149809 1.997981433 0
50449312 99165150 1.996740090 0
50489361 99131872 2.009836444 0
50510407 99166163 1.995911034 0
50524194 99160330 2.039003497 0
50567800 99154572 1.992230567 0
50570800 99151280 2.009523148 0
50624771 99171126 2.009050450 0
50670570 99170895 2.002691251 0
51180521 99180477 2.015952884 0
