48320671 99162005 2.020904619 0
48353574 99141775 2.000389231 0
48453638 99123472 1.945561175 0
48511664 99129310 1.984237848 0
48612793 99128274 1.984834300 0
48627720 99128413 1.993643363 0
48647475 99158898 2.004959587 0
48677050 99138267 1.969627585 0
48731404 99132546 1.974733107 0
48760218 99111717 1.941704550 0
48815958 99127535 1.950769732 0
48819495 99137399 1.959994547 0
48820069 99123547 1.957357199 0
48852188 99135496 1.983256374 0
48903261 99139066 1.980304502 0
48905983 99111800 1.987954487 0
48937063 99126687 1.988392688 0
48952294 99130181 1.992872109 0
48952572 99142779 1.987368739 0
48961967 99131573 1.991683664 0
48965675 99129405 1.957941900 0
48985343 99118648 1.984538370 0
49020627 99111380 1.986521881 0
49023347 99134165 2.002755106 0
49024299 99117343 1.985772069 0
49026349 99136885 1.956070858 0
49055602 99157457 1.998799516 0
49082441 99134198 1.986364648 0
49098251 99140694 2.016525139 0
49133920 99121052 1.984965837 0
49135277 99120839 1.970523158 0
49144158 99131978 1.990804047 0
49145646 99123777 1.956584138 0
49157488 99155894 1.985595488 0
49159303 99143800 1.998595991 0
49210773 99135045 1.994279821 0
49218308 99130200 2.007175287 0
49220211 99128481 1.991017971 0
49222189 99142045 2.001870155 0
49322944 99126353 2.005513970 0
49360123 99133209 2.003772416 0
49383407 99125947 1.979032529 0
49477201 99161679 1.992477885 0
49484848 99120361 1.948193005 0
49579223 99145345 2.001194329 0
49630549 99133463 1.985737245 0
49640561 99118437 1.949178819 0
49844999 99143567 2.022570306 0
49905846 99122154 1.969548718 0
50056684 99167207 1.986287164 0
