9675 34812225 0.674517991 0
22606 45979133 0.685493720 0
23136 61125014 0.689721240 0
23502 41478645 0.676646145 0
24394 47557874 0.664226385 0
24501 51787717 0.678173383 0
25349 45493343 0.681413569 0
25736 43847059 0.676775554 0
25925 47197243 0.665646771 0
26299 44367617 0.671672661 0
26576 44381725 0.684742296 0
26628 47068516 0.662991646 0
27140 59623240 0.678649359 0
27333 59528049 0.677231135 0
27409 42503755 0.665261662 0
27409 44045352 0.682467791 0
27446 36507209 0.663397436 0
27756 55645533 0.682134561 0
27812 50281074 0.678136158 0
27890 48613117 0.686567690 0
27915 30492866 0.662148595 0
28119 45969819 0.666642021 0
28236 76641951 0.692698600 0
28320 47129040 0.670112461 0
28410 47357248 0.664776890 0
28793 48731620 0.670356380 0
29375 47108456 0.686973897 0
29540 47078607 0.668922364 0
29556 62915598 0.676135375 0
29836 50220839 0.675096829 0
29846 54854190 0.668686054 0
30059 65678303 0.687589123 0
30198 57918743 0.678338775 0
30294 46339721 0.665104018 0
30482 36582004 0.674553780 0
30536 61364674 0.683374361 0
30580 50273310 0.666354366 0
30711 59795843 0.671967223 0
30889 51718764 0.667764055 0
30890 47120124 0.683504176 0
31274 48921799 0.679390037 0
31283 67313376 0.681274724 0
31409 50199250 0.680257019 0
31418 17906265 0.659588074 0
31987 48889991 0.670212045 0
32177 59779334 0.668738030 0
32268 47391674 0.668912108 0
32379 64229152 0.680793854 0
34263 47141827 0.687547146 0
35261 51941084 0.672247293 0
