2383173 98697946 0.813114239 0
3915525 98717279 0.875087136 0
4066032 98696343 0.869068408 0
4320021 98721287 0.884232496 0
4692971 98686367 0.911880498 0
4823056 98701558 0.922869079 0
5206448 98705798 0.931223708 0
5271852 98708544 0.972409547 0
5299526 98692521 0.937077810 0
5408148 98732840 0.945721087 0
5625045 98735994 0.968267418 0
5937082 98726573 0.958469127 0
6103905 98730673 0.951600257 0
6112779 98709374 0.966310088 0
6176548 98738202 0.970284627 0
6185403 98735638 0.972685437 0
6205059 98727395 0.988816342 0
6240421 98726627 0.970602360 0
6337861 98724828 0.976568999 0
6604072 98726112 0.989827073 0
6821880 98716734 1.000512279 0
6929241 98728226 0.994744951 0
7053639 98717500 1.023636294 0
7134704 98719457 1.005822372 0
7449436 98733722 1.034671099 0
8869927 98734451 1.085268465 0
9092660 98734627 1.087061236 0
11613664 98707240 1.243485259 0
11983736 98730927 1.156170244 0
12453338 98747381 1.199908679 0
13462321 98758476 1.297351087 0
13563897 98738113 1.265634779 0
14321428 98736076 1.339234692 0
14381993 98744446 1.261063151 0
15891344 98778477 1.380775103 0
18546714 98736260 1.419299973 0
18550198 98758980 1.454815281 0
19095158 98763956 1.454614751 0
20771446 98759974 1.430765848 0
20858356 98785949 1.560899887 0
21203009 98766939 1.474584196 0
22237127 98761037 1.508266849 0
22855390 98770432 1.515833371 0
24093296 98825188 1.680186739 0
24440236 98799090 1.505247031 0
26704745 98835018 1.618881278 0
26769013 98790397 1.631128543 0
28634766 98775355 1.665866791 0
29288357 98785537 1.718132866 0
31029023 98802836 1.696440449 0
