14503383 98731683 1.219986977 0
14757680 98718892 1.224870291 0
14757688 98725224 1.224952430 0
14937567 98735613 1.231690362 0
15099328 98730903 1.241496200 0
15158393 98743127 1.251170676 0
15365218 98757485 1.245918685 0
15400555 98747688 1.237062060 0
15412053 98741431 1.235670454 0
15420146 98729831 1.244701725 0
15503893 98735515 1.229110432 0
15609807 98719598 1.245238111 0
15623611 98728586 1.236799016 0
15692036 98744398 1.236878751 0
15729302 98742075 1.284118328 0
15791752 98735854 1.249596475 0
15793251 98728663 1.241819273 0
15798726 98729880 1.247923996 0
15804279 98732808 1.254581093 0
15831129 98718989 1.251552133 0
15831169 98743706 1.257552053 0
15853271 98723700 1.246386148 0
15894118 98743546 1.248926599 0
15951180 98735903 1.261761981 0
15957518 98736011 1.250615467 0
15962110 98741491 1.248995729 0
15995613 98730700 1.255013755 0
16010919 98744319 1.269865925 0
16023707 98728422 1.246389567 0
16041250 98730283 1.245355743 0
16097538 98726767 1.257728197 0
16103795 98732655 1.251577584 0
16104185 98745975 1.257297387 0
16151790 98724375 1.259829679 0
16177528 98721815 1.247398042 0
16224125 98730608 1.255765456 0
16352820 98734306 1.271175102 0
16399849 98745615 1.255687823 0
16503750 98733426 1.266095793 0
16512435 98731809 1.261170401 0
16592939 98741332 1.258482753 0
16593617 98730413 1.264498288 0
16599842 98749365 1.265504654 0
16643650 98736133 1.275428655 0
16735370 98759537 1.267992103 0
16823805 98752108 1.275182939 0
16961593 98734178 1.282069923 0
17008840 98760024 1.291615448 0
17081811 98741102 1.285738653 0
17783169 98736177 1.287998205 0
