48069766 99114116 1.958598068 0
48185993 99129299 1.985994167 0
48289105 99103958 1.991526535 0
48409020 99120039 1.961373449 0
48434443 99116101 1.968861155 0
48459114 99131441 1.976096924 0
48533535 99131840 1.973816095 0
48608987 99129954 1.974918082 0
48649983 99129740 1.986000745 0
48683624 99124008 1.981161161 0
48694715 99108396 1.960372532 0
48760993 99142121 1.958628184 0
48832299 99116004 1.974022338 0
48836064 99128490 1.969781068 0
48844390 99118957 1.986073792 0
48881851 99119834 1.987598878 0
48904469 99123190 1.986513089 0
48933682 99136381 1.962418560 0
48952381 99123042 1.980201510 0
48954953 99144954 1.965973305 0
48974487 99119539 1.987464026 0
49005464 99130496 1.970964590 0
49021677 99133780 1.974169621 0
49022385 99127355 1.981419182 0
49038362 99121544 1.975866731 0
49050385 99122268 1.968989068 0
49057406 99141054 1.985178151 0
49059054 99147827 1.978308091 0
49125637 99132158 1.980522236 0
49127943 99139377 1.960723947 0
49150923 99119005 1.965829587 0
49184146 99148504 2.007900939 0
49201449 99134283 2.013406502 0
49239541 99131725 1.993925778 0
49271600 99127077 1.995184402 0
49335953 99125042 1.994599363 0
49336635 99125524 1.979572616 0
49351763 99136029 1.993699511 0
49351932 99126141 1.991982161 0
49368316 99121493 1.993612409 0
49413090 99115475 1.971260612 0
49490810 99147937 1.993119392 0
49604997 99135931 2.002602918 0
49692252 99150411 1.992499796 0
49790251 99133801 1.988131472 0
49857649 99144335 2.003759598 0
50891940 99162424 2.010641718 0
51084753 99151796 2.013580895 0
51277310 99162702 2.002397721 0
54805040 99155577 2.036914267 0
