8417 56608273 0.684387938 0
9651 43984357 0.710500900 0
9718 55922635 0.666833656 0
10180 35131362 0.662340872 0
11948 47698063 0.680856913 0
14940 32917269 0.693496434 0
22633 34611454 0.659757612 0
24187 60923832 0.673546477 0
24621 46382600 0.665974317 0
25053 59614949 0.686476736 0
25261 19620610 0.678144160 0
25584 48878181 0.669215702 0
25644 34763166 0.668931758 0
25815 31876491 0.663907946 0
25850 47673799 0.673692005 0
26052 45785960 0.662751994 0
26274 55308526 0.669598052 0
26457 44138217 0.667261789 0
26604 59789148 0.683326161 0
26692 47322972 0.687055012 0
26908 43241311 0.838488627 0
27011 31884072 0.661428615 0
27280 57996906 0.683533120 0
27572 44298224 0.661255997 0
27615 45452237 0.663448779 0
27688 48811342 0.666931761 0
27822 33223673 0.670794005 0
27842 48684854 0.684455644 0
27906 50353907 0.667722765 0
28029 42775656 0.678955543 0
28053 62596072 0.685183396 0
28297 63909395 0.678186626 0
28528 58647074 0.678861453 0
28857 44387711 0.687349523 0
29392 47122193 0.682021993 0
29644 48665975 0.666115941 0
29712 59258731 0.676320503 0
30273 56366963 0.676385187 0
30367 47899526 0.671828749 0
31500 31151283 0.667647085 0
32082 60945187 0.678781651 0
32239 45561428 0.667431302 0
32867 33437939 0.673611443 0
33085 50645607 0.678036898 0
33708 38680608 0.682882715 0
33914 46157797 0.677120712 0
34152 56139763 0.673234095 0
34279 59725538 0.691202916 0
34460 75562144 0.702927836 0
52026 60479390 0.712548543 0
