66793908 99127608 2.073295349 0
66811132 99125231 2.140548538 0
66842171 99145747 2.147090121 0
66864667 99123380 2.136753076 0
66872967 99131982 2.093071541 0
66874843 99158562 2.138377662 0
66877754 99147229 2.160483459 0
66879468 99140428 2.098772677 0
66888647 99142903 2.110132336 0
66905515 99126484 2.105654678 0
66908202 99130355 2.121584156 0
66917707 99130205 2.135010023 0
66921927 99152634 2.134511144 0
66929544 99130077 2.103097175 0
66933637 99158467 2.147142834 0
66970483 99153268 2.129593562 0
66970695 99121801 2.105168574 0
66973906 99143838 2.138943093 0
66977558 99118906 2.137030736 0
66991155 99128022 2.141997215 0
66991782 99103999 2.105841890 0
66993812 99146610 2.153845090 0
66994440 99146775 2.146841704 0
67007251 99131482 2.117331778 0
67008742 99153593 2.144967468 0
67014699 99186898 2.183366621 0
67016518 99135849 2.132809264 0
67019269 99148958 2.145082798 0
67019411 99132277 2.131878411 0
67021953 99134933 2.142212678 0
67022674 99166807 2.084527818 0
67023053 99125054 2.130946021 0
67033775 99146660 2.127268036 0
67054886 99152191 2.154481253 0
67056939 99150922 2.146907654 0
67067910 99137160 2.136787850 0
67088085 99147013 2.138980849 0
67092381 99139172 2.116517268 0
67101533 99110967 2.105253355 0
67102074 99136080 2.151181445 0
67111925 99136814 2.136388379 0
67120598 99121452 2.147608169 0
67130441 99155807 2.143416922 0
67158877 99173509 2.151288571 0
67211865 99152457 2.128583323 0
67269289 99158337 2.127987887 0
67280235 99126843 2.098722986 0
67283464 99125162 2.129456682 0
67320176 99185417 2.618287754 0
67366552 99141160 2.128554769 0
