6736446 689530179 5.002336557 71296 0
11119362 668576717 5.002340426 65350 1
16975155 612780890 5.002819712 60535 2
18312701 606944814 5.002428315 60972 3
19816398 593467293 4.996450002 69951 3
27771857 534738112 5.002266713 67405 5
27806816 546195726 5.001977089 56586 5
34103552 535515949 5.002148385 62995 6
35404561 487055011 5.001930737 29143 7
39798980 448230378 5.002167230 40908 8
40198397 455769926 5.002330537 27779 8
40545914 474455310 5.002073305 38188 8
40851897 465708654 5.002233705 33654 8
40923328 427537098 5.001735221 66847 9
41625482 452424932 5.002495705 36363 9
42375901 441643863 5.002549628 28733 9
42403471 457550919 5.002125389 27759 9
42941348 446819356 5.002475847 35854 9
43366818 420919783 5.002477663 41059 10
43993568 427019540 5.002537853 36028 10
44494667 419248288 5.002266344 38375 10
44791220 417364964 5.002417159 34137 10
45913943 420400346 5.002528413 32254 10
45923037 442032079 5.002583465 34146 10
46111301 418507325 5.001624085 33121 11
46429890 410820336 5.001896660 65278 11
46597816 410775898 5.002305990 30928 11
47020086 408760472 5.002453575 34432 11
47432214 414569503 5.003407885 36455 11
47528339 413845417 5.002646138 33115 11
47908499 411745377 5.002655596 33037 11
48034828 414210106 5.001673495 31204 11
48194118 391138440 5.001406666 56932 12
48791848 403804816 5.002029261 30457 12
49638961 419491998 5.001990462 31472 11
52502919 411629074 5.001838164 60853 12
53600396 392751898 5.002713936 35232 13
54285161 380922325 5.002218281 34704 14
56836204 407013261 5.002446034 27089 13
59576263 351687263 5.001987314 28937 16
70281382 352736914 5.003628359 26073 19
72028342 337845727 5.002596366 40563 21
74228375 319608794 5.003019032 35630 23
74425355 331673356 5.002507676 35907 22
83790853 302817570 5.001694551 23896 27
83797113 298707313 5.002765755 30379 28
83970949 291447891 5.002686709 21293 28
92993862 269387127 5.002482880 30342 34
93530022 276397129 5.002173920 27636 33
95445421 275406255 5.002445806 28046 34
