125862811 253016918 5.002460399 93888 49
126080374 253611893 5.003172051 62270 49
126160998 251459681 5.003562163 55442 50
126322444 253330642 5.003495997 57661 49
126507609 254279206 5.003322420 56876 49
126652937 252761112 5.002481858 56766 50
126699680 253457907 5.003020036 59144 49
126735478 253174955 5.002857701 64591 50
126746819 253686725 4.836103216 84389 49
126830852 254795709 5.002730964 62058 49
127297881 255325280 5.003151717 61476 49
127471016 254716388 5.002803707 93870 50
127561307 255894491 5.002782352 54351 49
127573966 254111065 5.002840596 57930 50
127744797 250642698 5.002814758 55867 50
127760046 257327054 5.003700338 59954 49
128060860 259117338 5.002435896 59239 49
128077253 261780236 5.002420542 91713 48
128417094 253683988 5.002695322 64500 50
128487079 261471961 5.002611193 93077 49
128698605 258203162 5.002615706 57577 49
128718616 261166952 5.002893223 89077 49
128725419 261305811 5.002388768 86806 49
128730647 259612754 5.002324333 88114 49
128982134 259945722 5.002070407 88997 49
129076197 259327541 5.002946968 95614 49
129211414 260073665 5.002551621 92321 49
129361101 259478608 5.002739517 85885 49
129485590 259108151 5.002613613 90877 49
129518940 261614596 5.002680265 87715 49
129815292 262257020 5.003603610 95779 49
130015112 263193444 5.003127573 91430 49
130138321 260697098 5.002744894 86608 49
130257775 261632383 5.002542510 88089 49
130262505 259566662 5.002432595 88742 50
130275199 262028645 5.002187613 90409 49
130610317 261066077 5.002179431 94379 50
130698427 263601851 5.002179329 89824 49
130831213 262970886 5.003069230 85619 49
130953822 247153173 5.003035511 55349 52
131170437 258016220 5.003917193 55676 50
131520214 260368912 5.003024142 89003 50
131920835 257474218 5.002576917 63209 51
132868035 255343422 5.002631720 87036 52
133904870 257155100 5.002945595 89989 52
135583091 246312174 5.003219699 54478 55
139864669 245098179 5.002428237 59197 57
219804450 223424257 5.002735979 51902 98
233645078 237409370 5.002769484 84784 98
233657336 239445792 5.002175157 83265 97
