54275764 939135378 10.006480445 73226 5
55868252 929640333 10.006694296 94232 6
58196502 924530438 10.003988626 94509 6
59118980 918427299 10.004594684 95424 6
62246881 888546926 10.007107013 80139 7
65057597 895826913 10.003415625 84803 7
65544084 877474154 10.004153593 82442 7
68676548 876630679 10.003686078 92419 7
72739440 836307214 10.008634371 68251 8
73040961 847070270 10.006516151 89237 8
75477279 825495992 9.850742263 77039 9
86218603 773843504 10.003917139 53321 11
87072812 769004740 10.004710077 64655 11
92918733 739740705 10.003861190 62743 12
95606602 733164270 10.004178416 67866 13
97736539 736138520 10.003816421 62878 13
100298501 726436814 10.009707489 65907 13
101225579 720147727 10.003955292 48195 14
101824241 715648206 10.004152881 61914 14
102116851 711813334 10.005985198 58236 14
103435000 715158498 10.004078050 55507 14
103807997 715541362 10.005678545 51554 14
104254941 684905762 10.011049563 55907 15
104519768 712017541 10.004204955 64325 14
105096561 711278455 10.003988894 41475 14
105262067 715659660 10.003636190 43347 14
105862635 703535888 10.003814629 57662 15
107141395 695082132 10.004692903 60594 15
107533567 696087822 10.010614540 42608 15
110513701 738772526 10.003287702 57217 14
112937159 684141517 10.003880806 43966 16
113098365 709973901 10.004226570 63396 15
113951988 682475850 10.004459349 46102 16
114426444 690100768 10.004248579 60498 16
124910016 638651908 10.006318538 49374 19
153679191 602618190 10.003329884 73954 25
155975436 556980668 10.005546404 43911 28
156540488 550437933 10.004040694 30473 28
167932641 419875395 10.004317873 30032 39
173008930 528523822 10.012793132 28028 32
173208886 424030048 10.004567507 37525 40
173494658 513665998 10.005451916 40934 33
183366111 509017279 10.003936267 36600 36
186139911 504086459 10.004884533 33805 36
187228685 509388984 10.004528373 37438 36
187601100 501931880 10.012289296 37399 37
193628712 491930122 10.004268068 31169 39
199785278 492194881 10.008685915 35913 40
382907186 388147298 10.006579865 37120 98
392092313 395195323 10.005578045 21999 99
