93951393 99941099 2.304361350 0
94095447 99932703 2.367551190 0
94192519 99934895 2.376522057 0
93949838 99951000 2.406594790 0
93879177 99909051 2.336227016 0
94139644 99925845 2.396632711 0
93963947 99936111 2.354365112 0
94200466 99936337 2.372524395 0
94004579 99943312 2.391694972 0
94285774 99936491 2.311006547 0
93935747 99920966 2.312307649 0
93892227 99903835 2.298974418 0
94008291 99929576 2.342280020 0
93961891 99917220 2.339380888 0
94210293 99938857 2.420738991 0
93920801 99894414 2.330685755 0
94127409 99939139 2.415761050 0
94057873 99922426 2.335269688 0
93902112 99916231 2.328505580 0
93981543 99911410 2.302041492 0
94037055 99933800 2.404278342 0
93990088 99915982 2.374523417 0
93930923 99923400 2.401013214 0
94098001 99920115 2.336899256 0
93998625 99927347 2.380619988 0
93918253 99918361 2.333289734 0
93978116 99893905 2.301305642 0
94111802 99906758 2.275602014 0
93940413 99894521 2.286481923 0
93940735 99905923 2.311148678 0
93972112 99913800 2.346524976 0
93913858 99899251 2.292093125 0
93854917 99912773 2.320178465 0
93980658 99903438 2.352073239 0
94170856 99936129 2.400376741 0
93945063 99897662 2.375355513 0
93975230 99922055 2.413250474 0
94027003 99935830 2.466983847 0
93954302 99879647 2.288770287 0
93982682 99912766 2.390749844 0
94087458 99910211 2.290696997 0
93936060 99866123 2.256215661 0
93950200 99917815 2.331229762 0
94054704 99903619 2.312461862 0
94156122 99918782 2.309761209 0
93974437 99905883 2.297986538 0
93951838 99917315 2.385235845 0
93943629 99895033 2.274397875 0
93973469 99901811 2.275937068 0
93983144 99912551 2.350850426 0
93854917 99912773 2.320178465 0
93879177 99909051 2.336227016 0
93892227 99903835 2.298974418 0
93902112 99916231 2.328505580 0
93913858 99899251 2.292093125 0
93918253 99918361 2.333289734 0
93920801 99894414 2.330685755 0
93930923 99923400 2.401013214 0
93935747 99920966 2.312307649 0
93936060 99866123 2.256215661 0
93940413 99894521 2.286481923 0
93940735 99905923 2.311148678 0
93943629 99895033 2.274397875 0
93945063 99897662 2.375355513 0
93949838 99951000 2.406594790 0
93950200 99917815 2.331229762 0
93951393 99941099 2.304361350 0
93951838 99917315 2.385235845 0
93954302 99879647 2.288770287 0
93961891 99917220 2.339380888 0
93963947 99936111 2.354365112 0
93972112 99913800 2.346524976 0
93973469 99901811 2.275937068 0
93974437 99905883 2.297986538 0
93975230 99922055 2.413250474 0
93978116 99893905 2.301305642 0
93980658 99903438 2.352073239 0
93981543 99911410 2.302041492 0
93982682 99912766 2.390749844 0
93983144 99912551 2.350850426 0
93990088 99915982 2.374523417 0
93998625 99927347 2.380619988 0
94004579 99943312 2.391694972 0
94008291 99929576 2.342280020 0
94027003 99935830 2.466983847 0
94037055 99933800 2.404278342 0
94054704 99903619 2.312461862 0
94057873 99922426 2.335269688 0
94087458 99910211 2.290696997 0
94095447 99932703 2.367551190 0
94098001 99920115 2.336899256 0
94111802 99906758 2.275602014 0
94127409 99939139 2.415761050 0
94139644 99925845 2.396632711 0
94156122 99918782 2.309761209 0
94170856 99936129 2.400376741 0
94192519 99934895 2.376522057 0
94200466 99936337 2.372524395 0
94210293 99938857 2.420738991 0
94285774 99936491 2.311006547 0
