89601927 99445322 2.140980639 0
89603332 99427776 2.185033645 0
89642142 99449064 2.231399896 0
89666200 99415408 2.172203771 0
89668504 99429336 2.180605768 0
89676439 99428743 2.179698167 0
89687231 99431636 2.181963566 0
89693040 99456896 2.234837268 0
89693159 99428636 2.202715054 0
89694316 99421497 2.190134854 0
89698546 99452343 2.185109533 0
89700492 99437431 2.158704894 0
89708786 99430148 2.204312539 0
89720502 99440515 2.171456898 0
89724706 99442871 2.215420146 0
89736896 99451186 2.217964853 0
89737809 99480552 2.257992652 0
89738223 99458306 2.175762543 0
89740169 99410991 2.192521477 0
89741193 99427434 2.187468066 0
89741992 99443855 2.204490915 0
89742124 99461879 2.236163475 0
89750218 99430920 2.210655834 0
89751425 99446744 2.205851324 0
89758516 99471016 2.205548230 0
89761427 99446832 2.206250627 0
89761682 99442303 2.197510996 0
89768116 99439416 2.240781077 0
89779414 99457148 2.182371224 0
89791778 99429688 2.174988376 0
89801376 99453022 2.171444375 0
89810976 99456501 2.181367962 0
89811904 99432286 2.183864973 0
89830482 99451720 2.240963188 0
89832219 99460301 2.195799566 0
89833586 99448294 2.236614692 0
89835922 99436286 2.210825230 0
89842964 99472043 2.213375706 0
89856373 99445766 2.186314051 0
89860952 99457416 2.244871565 0
89868737 99432453 2.165281686 0
89871683 99454987 2.272752687 0
89880769 99452103 2.203170530 0
89903980 99450639 2.193140512 0
89911746 99447585 2.250653020 0
89928739 99463108 2.225422999 0
89933382 99456306 2.248420450 0
89971151 99435679 2.164559125 0
89998874 99455833 2.220073517 0
90002464 99479800 2.189741351 0
