99687214 100183240 2.355668382 0
99702935 100222244 2.425490258 0
99709295 100215178 2.417971144 0
99684616 100217349 2.417534083 0
99636239 100189866 2.392139443 0
99737764 100208837 2.475300862 0
99674146 100202659 2.378393192 0
99679237 100202417 2.358472204 0
99642343 100195927 2.467203964 0
99635590 100207662 2.393044979 0
99659552 100167050 2.362961715 0
99691689 100197938 2.435061255 0
99635727 100183444 2.359651893 0
99629631 100206886 2.434246191 0
99711552 100174437 2.393104611 0
99705386 100213264 2.425924506 0
99712273 100203345 2.412036697 0
99616172 100174832 2.348726456 0
99737740 100214481 2.407813051 0
99612191 100183710 2.390669919 0
99642074 100199892 2.442402918 0
99713035 100203347 2.486538518 0
99707544 100227947 2.406472628 0
99679926 100206997 2.414324423 0
99693872 100241941 2.481426950 0
99657649 100174559 2.384590872 0
99730522 100199194 2.413086781 0
99655912 100179211 2.440275679 0
99715159 100199973 2.438197191 0
99691785 100181780 2.351125259 0
99702728 100177735 2.395350511 0
99717029 100219445 2.426685202 0
99702708 100220200 2.424944254 0
99707103 100200328 2.417966019 0
99699767 100208628 2.441075123 0
99682607 100170240 2.405464474 0
99721341 100213587 2.445097054 0
99693323 100163750 2.402626417 0
99654439 100200185 2.434740131 0
99665559 100179718 2.426415457 0
99746675 100196934 2.405978308 0
99723000 100211678 2.424244890 0
99739765 100165700 2.410818720 0
99716472 100192167 2.392877645 0
99658654 100171492 2.451743546 0
99700774 100179444 2.425015080 0
99613020 100200543 2.434877694 0
99672690 100200583 2.436834409 0
99707634 100180602 2.394381226 0
99670058 100186354 2.478888344 0
99612191 100183710 2.390669919 0
99613020 100200543 2.434877694 0
99616172 100174832 2.348726456 0
99629631 100206886 2.434246191 0
99635590 100207662 2.393044979 0
99635727 100183444 2.359651893 0
99636239 100189866 2.392139443 0
99642074 100199892 2.442402918 0
99642343 100195927 2.467203964 0
99654439 100200185 2.434740131 0
99655912 100179211 2.440275679 0
99657649 100174559 2.384590872 0
99658654 100171492 2.451743546 0
99659552 100167050 2.362961715 0
99665559 100179718 2.426415457 0
99670058 100186354 2.478888344 0
99672690 100200583 2.436834409 0
99674146 100202659 2.378393192 0
99679237 100202417 2.358472204 0
99679926 100206997 2.414324423 0
99682607 100170240 2.405464474 0
99684616 100217349 2.417534083 0
99687214 100183240 2.355668382 0
99691689 100197938 2.435061255 0
99691785 100181780 2.351125259 0
99693323 100163750 2.402626417 0
99693872 100241941 2.481426950 0
99699767 100208628 2.441075123 0
99700774 100179444 2.425015080 0
99702708 100220200 2.424944254 0
99702728 100177735 2.395350511 0
99702935 100222244 2.425490258 0
99705386 100213264 2.425924506 0
99707103 100200328 2.417966019 0
99707544 100227947 2.406472628 0
99707634 100180602 2.394381226 0
99709295 100215178 2.417971144 0
99711552 100174437 2.393104611 0
99712273 100203345 2.412036697 0
99713035 100203347 2.486538518 0
99715159 100199973 2.438197191 0
99716472 100192167 2.392877645 0
99717029 100219445 2.426685202 0
99721341 100213587 2.445097054 0
99723000 100211678 2.424244890 0
99730522 100199194 2.413086781 0
99737740 100214481 2.407813051 0
99737764 100208837 2.475300862 0
99739765 100165700 2.410818720 0
99746675 100196934 2.405978308 0
