82635323 99470516 2.196554355 0
82743593 99497308 2.238425888 0
82751221 99486966 2.182522307 0
82760832 99470536 2.156920027 0
82832374 99448362 2.144061931 0
82838511 99480291 2.206592293 0
82857386 99468519 2.151347393 0
82872388 99492068 2.186830864 0
82880114 99478758 2.183267712 0
82886304 99463277 2.157749783 0
82895029 99461337 2.142691765 0
82898014 99468137 2.164959762 0
82909231 99461089 2.168543524 0
82911855 99467640 2.151426287 0
82913475 99464905 2.176554915 0
82915087 99472168 2.191965724 0
82917223 99466533 2.157528928 0
82926170 99455290 2.109383782 0
82937805 99475201 2.171367007 0
82941861 99474217 2.173034355 0
82947409 99467326 2.147140217 0
82952422 99443891 2.120679644 0
82957164 99463677 2.132888427 0
82958244 99447088 2.163488719 0
82960691 99465178 2.161198268 0
82965027 99442703 2.114665259 0
82980672 99439723 2.125057524 0
82980886 99477419 2.168781749 0
82991008 99459291 2.148530235 0
83008070 99466844 2.138865132 0
83008890 99465695 2.232727985 0
83009459 99466987 2.173146134 0
83009657 99488993 2.201718190 0
83011708 99474593 2.146779552 0
83017450 99468166 2.153162023 0
83041810 99469027 2.208060756 0
83043936 99464634 2.188336452 0
83046691 99468766 2.153286958 0
83080696 99458753 2.155996231 0
83081045 99472155 2.148095449 0
83087956 99467458 2.160617982 0
83103406 99460788 2.161758647 0
83104228 99466218 2.168415369 0
83156686 99484435 2.214033189 0
83160128 99478270 2.164336315 0
83162618 99496990 2.232886893 0
83173806 99469224 2.199449676 0
83176887 99462932 2.198577882 0
83324209 99474451 2.147543768 0
83375721 99478543 2.169797025 0
