143304 87062242 0.683218448 0
156598 94984545 0.683092581 0
162602 87087345 0.708628736 0
163422 87082826 0.689966137 0
163832 94986884 0.692244835 0
174734 94990401 0.683456922 0
176663 87085780 0.684276126 0
178516 94984204 0.684564329 0
186219 94985372 0.688149349 0
187825 87091519 0.686040802 0
188472 87083118 0.682652980 0
200672 94984151 0.683857507 0
201159 87062960 0.690349809 0
204243 94984636 0.696347828 0
205442 95020560 0.897888346 0
205764 94960525 0.683979304 0
206714 87083249 0.683688713 0
208019 87084134 0.687192461 0
211263 94980800 0.684343317 0
223470 87084477 0.682749953 0
223601 94984444 0.685347681 0
223726 94988003 0.690337207 0
226224 94985354 0.684535484 0
227806 94989936 0.684560899 0
228124 94985635 0.685236351 0
229452 94987341 0.687132994 0
232148 94961053 0.684646786 0
235270 94986332 0.686573554 0
237828 94961755 0.685733086 0
239958 87083681 0.683823017 0
241432 94969993 0.696083465 0
245124 87084566 0.683367887 0
245324 94983917 0.694863152 0
247989 87079714 0.683946434 0
248111 94964957 0.685473567 0
251225 87087886 0.683855575 0
251382 94983630 0.684675780 0
252183 94986961 0.685904570 0
253459 94983672 0.684995768 0
258400 94982227 0.684860646 0
259971 87084058 0.686389935 0
262407 87080603 0.683690864 0
263486 87085654 0.683383628 0
266052 94965106 0.686648631 0
266664 94985191 0.692618984 0
271699 94990719 0.691538213 0
284007 87057599 0.684225705 0
305651 94991448 0.691095774 0
339139 87089216 0.687401734 0
487828 87093925 0.691508138 0
