81967389 99367103 2.063931213 0
82007164 99411228 2.155426123 0
82042270 99384835 2.089472797 0
82053090 99416931 2.144605117 0
82073415 99434625 2.150140823 0
82078182 99381395 2.087156264 0
82086217 99401300 2.067667247 0
82090263 99383084 2.073020400 0
82100936 99436149 2.134233682 0
82107574 99432977 2.192286667 0
82160679 99412374 2.130541854 0
82169101 99437457 2.161962482 0
82180786 99414569 2.139735848 0
82186142 99412799 2.130464750 0
82206683 99409679 2.138105020 0
82207986 99415977 2.090238748 0
82216362 99429237 2.116591111 0
82229616 99427768 2.157666279 0
82236785 99401797 2.121929004 0
82241136 99421023 2.115308681 0
82247675 99382368 2.082314867 0
82248919 99425823 2.184483740 0
82254295 99396319 2.101979309 0
82262669 99416460 2.140824593 0
82271104 99387490 2.096024366 0
82276790 99422100 2.139585505 0
82283996 99438819 2.140828596 0
82284519 99405911 2.105070699 0
82287510 99396650 2.097063353 0
82294351 99395381 2.128960660 0
82296873 99447928 2.174252285 0
82304535 99402933 2.098018946 0
82314053 99426359 2.150925640 0
82351873 99389713 2.100577653 0
82351884 99384816 2.077145781 0
82372586 99430290 2.181651055 0
82384871 99393479 2.072713191 0
82390052 99401451 2.103814639 0
82390317 99390940 2.091644566 0
82395693 99441351 2.193536145 0
82404784 99402038 2.112220882 0
82492668 99425459 2.155196301 0
82501656 99424824 2.096501291 0
82535458 99419891 2.164781613 0
82555446 99423010 2.186466674 0
82561760 99421137 2.116292671 0
82602810 99410343 2.129552647 0
82624504 99444942 2.148417921 0
84188933 99453315 2.182486478 0
84874260 99469514 2.196770858 0
