93894193 99963684 2.386163699 0
94083105 99994226 2.364240625 0
93957900 99946467 2.266475885 0
94022212 99952559 2.321174637 0
93963421 99977349 2.341547161 0
94001290 99944853 2.373328271 0
93938687 99950568 2.309260219 0
93979377 99946925 2.316435803 0
93967152 99951077 2.360362813 0
93864423 99954887 2.392887131 0
94002946 99946609 2.342325661 0
94000347 99949583 2.298153607 0
93888052 99949746 2.393496202 0
93982671 99939167 2.337798440 0
94034644 99953053 2.370818376 0
93943582 99967584 2.348612548 0
93841285 99932646 2.394610158 0
94001662 99969850 2.296441771 0
93925162 99959164 2.362571114 0
93988327 99944464 2.336317598 0
94068589 99970703 2.355440669 0
93962778 99950448 2.346173020 0
93950207 99976910 2.376598877 0
93872207 99919100 2.314556307 0
94131680 99969172 2.387585087 0
93918432 99955569 2.345895013 0
94056337 99961229 2.384412927 0
93970394 99983070 2.410207669 0
94012932 99940233 2.365105754 0
93970931 99959252 2.324173071 0
93865349 99952488 2.397784905 0
94077519 99965927 2.391030567 0
94019756 99953425 2.372548352 0
94093131 99930968 2.377823123 0
93938111 99948149 2.407806005 0
93960584 99965631 2.332046800 0
93983190 99959803 2.400196502 0
93836477 99956172 2.380067615 0
93996685 99942441 2.354918526 0
93921384 99967804 2.343401864 0
94016956 99934801 2.347921024 0
93934346 99946809 2.334129026 0
94023535 99957969 2.383591701 0
93956776 99925490 2.362413032 0
93882841 99950301 2.358939830 0
93987786 99956667 2.374158736 0
93980792 99964915 2.381050478 0
93916346 99956559 2.428056194 0
93852136 99918482 2.369410411 0
94060152 99951257 2.402876355 0
93836477 99956172 2.380067615 0
93841285 99932646 2.394610158 0
93852136 99918482 2.369410411 0
93864423 99954887 2.392887131 0
93865349 99952488 2.397784905 0
93872207 99919100 2.314556307 0
93882841 99950301 2.358939830 0
93888052 99949746 2.393496202 0
93894193 99963684 2.386163699 0
93916346 99956559 2.428056194 0
93918432 99955569 2.345895013 0
93921384 99967804 2.343401864 0
93925162 99959164 2.362571114 0
93934346 99946809 2.334129026 0
93938111 99948149 2.407806005 0
93938687 99950568 2.309260219 0
93943582 99967584 2.348612548 0
93950207 99976910 2.376598877 0
93956776 99925490 2.362413032 0
93957900 99946467 2.266475885 0
93960584 99965631 2.332046800 0
93962778 99950448 2.346173020 0
93963421 99977349 2.341547161 0
93967152 99951077 2.360362813 0
93970394 99983070 2.410207669 0
93970931 99959252 2.324173071 0
93979377 99946925 2.316435803 0
93980792 99964915 2.381050478 0
93982671 99939167 2.337798440 0
93983190 99959803 2.400196502 0
93987786 99956667 2.374158736 0
93988327 99944464 2.336317598 0
93996685 99942441 2.354918526 0
94000347 99949583 2.298153607 0
94001290 99944853 2.373328271 0
94001662 99969850 2.296441771 0
94002946 99946609 2.342325661 0
94012932 99940233 2.365105754 0
94016956 99934801 2.347921024 0
94019756 99953425 2.372548352 0
94022212 99952559 2.321174637 0
94023535 99957969 2.383591701 0
94034644 99953053 2.370818376 0
94056337 99961229 2.384412927 0
94060152 99951257 2.402876355 0
94068589 99970703 2.355440669 0
94077519 99965927 2.391030567 0
94083105 99994226 2.364240625 0
94093131 99930968 2.377823123 0
94131680 99969172 2.387585087 0
