81920676 99386305 2.106885653 0
81962641 99436702 2.200915814 0
81965989 99394120 2.120200572 0
82031221 99426058 2.147787378 0
82052027 99427663 2.155799644 0
82070050 99435198 2.191229273 0
82078103 99421171 2.163954768 0
82081217 99436390 2.160110518 0
82083571 99433616 2.190929437 0
82092719 99413227 2.132527374 0
82156536 99394257 2.074973743 0
82158750 99426299 2.145710510 0
82164485 99419863 2.144767936 0
82165620 99440678 2.204230787 0
82171210 99429031 2.187007728 0
82172640 99399462 2.108153786 0
82190846 99422596 2.143874050 0
82197009 99393810 2.123261836 0
82203527 99422670 2.140914152 0
82207723 99431015 2.213762188 0
82214334 99414329 2.160149575 0
82216415 99426793 2.169746648 0
82216934 99426382 2.197284539 0
82223723 99398073 2.101419079 0
82225679 99414365 2.157501447 0
82232264 99427474 2.170253577 0
82237475 99381450 2.088162808 0
82246584 99429338 2.167625749 0
82248046 99433123 2.170794557 0
82250900 99442640 2.177019285 0
82251821 99443848 2.166307168 0
82260592 99420273 2.110620923 0
82269533 99426486 2.153216786 0
82270103 99422481 2.195293036 0
82282621 99426027 2.160244070 0
82284780 99442324 2.180906209 0
82299722 99416544 2.144184930 0
82303215 99431977 2.159602163 0
82309049 99430491 2.178163107 0
82313172 99424892 2.148229476 0
82332399 99422657 2.167612872 0
82350612 99430420 2.195032787 0
82356649 99440031 2.167806106 0
82366728 99421651 2.161791294 0
82377808 99445809 2.193124204 0
82420917 99389613 2.102501633 0
82438638 99424382 2.166573212 0
82470790 99433068 2.168290964 0
82563915 99472633 2.190322962 0
82882396 99459056 2.221372148 0
