93852989 99873853 2.238615455 0
94176966 99903311 2.253207454 0
93930766 99838999 2.176170509 0
93937002 99901158 2.339949564 0
94016032 99898849 2.409271499 0
94061104 99904662 2.279942432 0
94034206 99894336 2.264128556 0
94027248 99866400 2.224640465 0
94207849 99894878 2.323373038 0
93937847 99859086 2.233511382 0
93979446 99893084 2.292385197 0
94042983 99918480 2.315756596 0
94008381 99889225 2.251865500 0
94013156 99922790 2.367815778 0
94072062 99895281 2.347800183 0
94029677 99927117 2.420011338 0
94067839 99914199 2.369615020 0
93961509 99901972 2.356893662 0
94057418 99922051 2.364368965 0
94102826 99928746 2.363671420 0
93994527 99863734 2.217854158 0
93958224 99858036 2.200246034 0
94045238 99871410 2.212083323 0
94037357 99900017 2.332869026 0
93925621 99885363 2.306635669 0
94018101 99882864 2.272360473 0
94022042 99878580 2.228942546 0
93990292 99921345 2.336329242 0
94111888 99899240 2.296552421 0
94112454 99898801 2.293441472 0
94140634 99903818 2.301304455 0
93988697 99915416 2.334310196 0
94117744 99911330 2.314055168 0
93998180 99901172 2.288366739 0
93970496 99911296 2.320490317 0
94099217 99932429 2.308652634 0
94088459 99914388 2.338445853 0
94086120 99860703 2.201483200 0
94018339 99913621 2.324664242 0
94021730 99894176 2.271874196 0
94082906 99918030 2.419980279 0
94024945 99906680 2.332752003 0
94046643 99924765 2.324752271 0
94065170 99910383 2.335179561 0
94124007 99908687 2.311843889 0
93905240 99842701 2.179250596 0
94119707 99886791 2.247908991 0
94014937 99914925 2.356748059 0
93991768 99893665 2.281008922 0
93998039 99907494 2.324505997 0
93852989 99873853 2.238615455 0
93905240 99842701 2.179250596 0
93925621 99885363 2.306635669 0
93930766 99838999 2.176170509 0
93937002 99901158 2.339949564 0
93937847 99859086 2.233511382 0
93958224 99858036 2.200246034 0
93961509 99901972 2.356893662 0
93970496 99911296 2.320490317 0
93979446 99893084 2.292385197 0
93988697 99915416 2.334310196 0
93990292 99921345 2.336329242 0
93991768 99893665 2.281008922 0
93994527 99863734 2.217854158 0
93998039 99907494 2.324505997 0
93998180 99901172 2.288366739 0
94008381 99889225 2.251865500 0
94013156 99922790 2.367815778 0
94014937 99914925 2.356748059 0
94016032 99898849 2.409271499 0
94018101 99882864 2.272360473 0
94018339 99913621 2.324664242 0
94021730 99894176 2.271874196 0
94022042 99878580 2.228942546 0
94024945 99906680 2.332752003 0
94027248 99866400 2.224640465 0
94029677 99927117 2.420011338 0
94034206 99894336 2.264128556 0
94037357 99900017 2.332869026 0
94042983 99918480 2.315756596 0
94045238 99871410 2.212083323 0
94046643 99924765 2.324752271 0
94057418 99922051 2.364368965 0
94061104 99904662 2.279942432 0
94065170 99910383 2.335179561 0
94067839 99914199 2.369615020 0
94072062 99895281 2.347800183 0
94082906 99918030 2.419980279 0
94086120 99860703 2.201483200 0
94088459 99914388 2.338445853 0
94099217 99932429 2.308652634 0
94102826 99928746 2.363671420 0
94111888 99899240 2.296552421 0
94112454 99898801 2.293441472 0
94117744 99911330 2.314055168 0
94119707 99886791 2.247908991 0
94124007 99908687 2.311843889 0
94140634 99903818 2.301304455 0
94176966 99903311 2.253207454 0
94207849 99894878 2.323373038 0
