82022408 99447745 2.202355860 0
82026369 99430767 2.170351005 0
82093144 99439279 2.182502210 0
82100242 99458280 2.198235123 0
82101298 99453078 2.198034462 0
82110299 99451641 2.214168855 0
82111873 99444651 2.170273880 0
82143342 99441141 2.191179088 0
82150221 99447131 2.197464444 0
82161079 99451236 2.165409603 0
82163017 99447289 2.185760466 0
82172283 99432737 2.139083673 0
82172593 99449693 2.205553896 0
82178822 99423738 2.149740458 0
82179411 99435705 2.230764605 0
82191837 99433017 2.202318157 0
82199010 99451004 2.193478277 0
82199097 99449994 2.194246402 0
82207166 99431512 2.160697593 0
82217021 99433209 2.157106358 0
82224285 99437697 2.186798477 0
82227288 99446929 2.204509535 0
82237000 99439218 2.166588508 0
82250721 99442754 2.145015751 0
82253768 99446311 2.184023561 0
82258055 99455085 2.206929673 0
82277279 99449166 2.193827042 0
82278939 99431103 2.155291108 0
82286170 99454027 2.253568387 0
82286364 99449963 2.161288567 0
82288505 99435719 2.148589523 0
82295649 99440371 2.184132012 0
82297229 99438849 2.160830742 0
82301108 99454917 2.258801663 0
82310763 99431209 2.156620456 0
82312911 99422725 2.156725377 0
82316364 99433952 2.185387172 0
82322370 99442485 2.169014270 0
82323298 99455177 2.204074393 0
82336121 99460491 2.243694230 0
82343729 99438027 2.206768374 0
82367822 99457146 2.224743679 0
82375676 99436902 2.186255456 0
82386315 99442639 2.162590012 0
82394791 99454190 2.179039531 0
82462987 99452278 2.185809081 0
82474263 99452403 2.195416964 0
82509191 99474737 2.177884288 0
82519172 99447688 2.159809631 0
82668155 99472942 2.213603080 0
