94320833 100002939 2.320632165 0
94591200 100030696 2.433721460 0
94553635 99983583 2.375581231 0
94526297 99974410 2.360169790 0
94463185 99994628 2.283785893 0
94397196 99988186 2.220798384 0
94380969 99987217 2.277700292 0
94374406 99973676 2.213870673 0
94446194 99988634 2.243416905 0
94330064 99964146 2.252234428 0
94547593 99967509 2.255936899 0
94425890 99993499 2.229356487 0
94439232 99997523 2.250227697 0
94391720 99980997 2.250381737 0
94333528 99947664 2.218986533 0
94431836 99977550 2.232944749 0
94395418 99960446 2.205625803 0
94451481 99990670 2.243889026 0
94388854 100008619 2.226033481 0
94473868 99983169 2.243441462 0
94447193 99980789 2.250577637 0
94359604 99975471 2.242426761 0
94415991 99968471 2.229452626 0
94373163 99970326 2.257409923 0
94475000 99989761 2.250364761 0
94353361 99947197 2.209735507 0
94441132 99980613 2.217004944 0
94466333 99985812 2.257697589 0
94437079 99991602 2.230303312 0
94425144 99996562 2.257984076 0
94386435 99979270 2.226944910 0
94398055 99959632 2.239159037 0
94404365 99986675 2.227973621 0
94417606 99971467 2.249186275 0
94399733 99977070 2.268417268 0
94474371 99964869 2.279264184 0
94432984 99976464 2.338123197 0
94459878 99983906 2.302891062 0
94408016 99982508 2.323264982 0
94621388 99984442 2.239645812 0
94401754 99980730 2.291700157 0
94396884 99983039 2.241245543 0
94335738 99964172 2.248321115 0
94329866 99967364 2.306993550 0
94413130 99968089 2.330065104 0
94378754 99963365 2.332898133 0
94403552 99954048 2.308967399 0
94488882 99971463 2.317600187 0
94418385 99951344 2.294399036 0
94296168 99976224 2.346172666 0
94296168 99976224 2.346172666 0
94320833 100002939 2.320632165 0
94329866 99967364 2.306993550 0
94330064 99964146 2.252234428 0
94333528 99947664 2.218986533 0
94335738 99964172 2.248321115 0
94353361 99947197 2.209735507 0
94359604 99975471 2.242426761 0
94373163 99970326 2.257409923 0
94374406 99973676 2.213870673 0
94378754 99963365 2.332898133 0
94380969 99987217 2.277700292 0
94386435 99979270 2.226944910 0
94388854 100008619 2.226033481 0
94391720 99980997 2.250381737 0
94395418 99960446 2.205625803 0
94396884 99983039 2.241245543 0
94397196 99988186 2.220798384 0
94398055 99959632 2.239159037 0
94399733 99977070 2.268417268 0
94401754 99980730 2.291700157 0
94403552 99954048 2.308967399 0
94404365 99986675 2.227973621 0
94408016 99982508 2.323264982 0
94413130 99968089 2.330065104 0
94415991 99968471 2.229452626 0
94417606 99971467 2.249186275 0
94418385 99951344 2.294399036 0
94425144 99996562 2.257984076 0
94425890 99993499 2.229356487 0
94431836 99977550 2.232944749 0
94432984 99976464 2.338123197 0
94437079 99991602 2.230303312 0
94439232 99997523 2.250227697 0
94441132 99980613 2.217004944 0
94446194 99988634 2.243416905 0
94447193 99980789 2.250577637 0
94451481 99990670 2.243889026 0
94459878 99983906 2.302891062 0
94463185 99994628 2.283785893 0
94466333 99985812 2.257697589 0
94473868 99983169 2.243441462 0
94474371 99964869 2.279264184 0
94475000 99989761 2.250364761 0
94488882 99971463 2.317600187 0
94526297 99974410 2.360169790 0
94547593 99967509 2.255936899 0
94553635 99983583 2.375581231 0
94591200 100030696 2.433721460 0
94621388 99984442 2.239645812 0
