97637261 100037154 2.342005079 0
97746076 100077138 2.381969543 0
97659723 100069288 2.334009014 0
97700974 100017279 2.232774830 0
97619881 100035270 2.277714094 0
97666374 100019976 2.280132552 0
97566713 100046491 2.301518574 0
97734008 100036677 2.277956966 0
97686744 100055030 2.342572066 0
97684639 100059977 2.294718007 0
97677980 100028708 2.298093035 0
97635486 100021826 2.326889897 0
97664643 100059192 2.299229936 0
97616584 100054984 2.364482661 0
97692211 100048092 2.314017519 0
97688569 100071852 2.365059903 0
97691039 100046975 2.337207661 0
97656507 100057334 2.276578278 0
97633120 100033902 2.281274452 0
97654135 100009474 2.314921803 0
97618275 100007326 2.304872946 0
97696581 100039830 2.298195948 0
97640638 100021455 2.278228026 0
97655067 100001228 2.253971136 0
97661983 100020332 2.276519180 0
97710383 100042372 2.324517841 0
97623856 100035415 2.342010698 0
97570776 100040512 2.350139767 0
97640817 100032204 2.310978008 0
97653048 100079801 2.367608948 0
97665224 100040402 2.317126151 0
97708778 100024677 2.318728891 0
97646983 100050429 2.355790801 0
97670165 100068939 2.369076093 0
97702842 100069956 2.395027669 0
97682685 100060720 2.350744411 0
97691874 100081994 2.391068031 0
97661391 100001524 2.325067663 0
97662223 100037520 2.348522317 0
97620837 100013190 2.350849755 0
97639064 100032193 2.368126573 0
97639330 100049872 2.360377167 0
97718134 100050678 2.348633795 0
97639576 100054838 2.399320005 0
97637768 100033059 2.335755004 0
97696995 100054364 2.385943875 0
97630062 100049232 2.359961037 0
97624885 100015705 2.349172434 0
97630570 100028112 2.374737032 0
97679867 100039970 2.379091385 0
97566713 100046491 2.301518574 0
97570776 100040512 2.350139767 0
97616584 100054984 2.364482661 0
97618275 100007326 2.304872946 0
97619881 100035270 2.277714094 0
97620837 100013190 2.350849755 0
97623856 100035415 2.342010698 0
97624885 100015705 2.349172434 0
97630062 100049232 2.359961037 0
97630570 100028112 2.374737032 0
97633120 100033902 2.281274452 0
97635486 100021826 2.326889897 0
97637261 100037154 2.342005079 0
97637768 100033059 2.335755004 0
97639064 100032193 2.368126573 0
97639330 100049872 2.360377167 0
97639576 100054838 2.399320005 0
97640638 100021455 2.278228026 0
97640817 100032204 2.310978008 0
97646983 100050429 2.355790801 0
97653048 100079801 2.367608948 0
97654135 100009474 2.314921803 0
97655067 100001228 2.253971136 0
97656507 100057334 2.276578278 0
97659723 100069288 2.334009014 0
97661391 100001524 2.325067663 0
97661983 100020332 2.276519180 0
97662223 100037520 2.348522317 0
97664643 100059192 2.299229936 0
97665224 100040402 2.317126151 0
97666374 100019976 2.280132552 0
97670165 100068939 2.369076093 0
97677980 100028708 2.298093035 0
97679867 100039970 2.379091385 0
97682685 100060720 2.350744411 0
97684639 100059977 2.294718007 0
97686744 100055030 2.342572066 0
97688569 100071852 2.365059903 0
97691039 100046975 2.337207661 0
97691874 100081994 2.391068031 0
97692211 100048092 2.314017519 0
97696581 100039830 2.298195948 0
97696995 100054364 2.385943875 0
97700974 100017279 2.232774830 0
97702842 100069956 2.395027669 0
97708778 100024677 2.318728891 0
97710383 100042372 2.324517841 0
97718134 100050678 2.348633795 0
97734008 100036677 2.277956966 0
97746076 100077138 2.381969543 0
