54828051 99135082 2.125457459 0 55
54906498 99154453 2.145093791 0 55
54945620 99154481 2.123583141 0 55
55026237 99209655 2.164910867 0 55
55075539 99171925 2.150892413 0 55
55096537 99151568 2.150485438 0 55
55109760 99261372 2.177994408 0 55
55178590 99230376 2.152440680 0 55
55198536 99130233 2.127077885 0 55
55205850 99144594 2.142847913 0 55
55244826 99149560 2.141257356 0 55
55272968 99152025 2.149590244 0 55
55279819 99162536 2.142081050 0 55
55308378 99201620 2.162946560 0 55
55319566 99255009 2.167476735 0 55
55320755 99145364 2.138330569 0 55
55339087 99279068 2.176442570 0 55
55344131 99143679 2.129305486 0 55
55348012 99139642 2.141573181 0 55
55424056 99150275 2.145450739 0 55
55428384 99317078 2.182718905 0 55
55447715 99184139 2.172495185 0 55
55460753 99202041 2.129765159 0 55
55506647 99182347 2.157640319 0 55
55545269 99161776 2.135253360 0 56
55586343 99226425 2.172247954 0 56
55592417 99206749 2.165257660 0 56
55593375 99194542 2.121897851 0 56
55604769 99180921 2.170508185 0 56
55624081 99293274 2.180406179 0 56
55634715 99223410 2.174164692 0 56
55637053 99227583 2.168957755 0 56
55644158 99192579 2.155965469 0 56
55646126 99186153 2.182992912 0 56
55659262 99292145 2.170868434 0 56
55689599 99300646 2.197112816 0 56
55707383 99188470 2.179981765 0 56
55718370 99230715 2.162711467 0 56
55733822 99260374 2.176775065 0 56
55782969 99239493 2.185693757 0 56
55815972 99267385 2.165003650 0 56
55817525 99157494 2.141268841 0 56
55893291 99169108 2.137186313 0 56
55952834 99168119 2.192921574 0 56
56012961 99193986 2.169510275 0 56
56147904 99203905 2.149273374 0 56
56236728 99147402 2.168909567 0 56
56249274 99230316 2.177603686 0 56
56434000 99281228 2.184454356 0 56
56838427 99252818 2.208392420 0 57
