47986872 99081450 1.892379266 0 48
48353515 99132141 2.066298172 0 48
48388957 99122437 1.947642191 0 48
48406699 99084199 1.906044704 0 48
48450123 99094322 1.937473352 0 48
48470015 99090397 1.899377393 0 48
48498482 99101974 1.905080986 0 48
48505761 99106924 1.922366684 0 48
48519249 99086743 1.918830091 0 48
48563270 99103718 1.920530344 0 49
48570852 99113364 1.920343524 0 49
48606034 99111205 1.928283776 0 49
48607694 99101146 1.861450095 0 49
48610048 99114926 1.951565637 0 49
48629671 99089899 1.890959081 0 49
48630480 99106313 1.939131966 0 49
48639332 99107877 1.935713841 0 49
48668935 99095292 1.929391079 0 49
48705621 99100189 1.903754342 0 49
48726665 99100988 1.960969670 0 49
48740771 99093719 1.899958120 0 49
48747011 99090465 1.880100713 0 49
48751756 99106765 1.918763718 0 49
48780803 99112501 1.937665602 0 49
48815839 99101411 1.934089832 0 49
48841472 99117228 1.944035821 0 49
48850672 99101974 1.927395834 0 49
48875301 99107064 1.937111868 0 49
48876555 99118601 1.917148912 0 49
48896555 99123990 1.923401695 0 49
48906989 99102551 1.912181039 0 49
48913078 99117487 1.949521601 0 49
48961576 99109976 1.952313784 0 49
48969493 99112352 1.952034806 0 49
48975462 99114682 1.945688299 0 49
48984370 99108916 1.929071241 0 49
48996820 99108741 1.926287210 0 49
49008378 99085132 1.944728678 0 49
49025063 99120309 2.007001447 0 49
49028693 99097914 1.931394293 0 49
49064420 99106360 1.930325375 0 49
49109511 99117719 1.977875363 0 49
49150169 99114148 1.956530482 0 49
49169593 99128708 1.944855338 0 49
49197008 99081228 1.915119598 0 49
49319477 99134899 2.330002774 0 49
49384911 99112544 1.949268589 0 49
49432001 99136083 1.933673322 0 49
49446746 99126807 2.067012218 0 49
49662744 99116476 1.960213544 0 50
