47385807 98817789 1.961791522 0 47
47955959 98855368 1.909690793 0 48
48026306 98807910 1.920348061 0 48
48054810 98829708 1.937641090 0 48
48063676 98848838 1.911959603 0 48
48064751 98843051 1.907196271 0 48
48070033 98820057 1.940093030 0 48
48103029 98825428 1.924556248 0 48
48130828 98851259 1.909000345 0 48
48143165 98816913 1.933187199 0 48
48213628 98817820 1.925251726 0 48
48216330 98842205 1.915942645 0 48
48217842 98846405 1.906100215 0 48
48227608 98828997 1.977440807 0 48
48240872 98813936 1.933123763 0 48
48258831 98816393 1.939162720 0 48
48265453 98850022 1.907437458 0 48
48290005 98851928 1.946876527 0 48
48316141 98821609 1.937984695 0 48
48322051 98849368 1.912645957 0 48
48327774 98858277 1.930082612 0 48
48340348 98852416 1.926869533 0 48
48360057 98831842 1.916456660 0 48
48372367 98829841 1.948108456 0 48
48382717 98824718 1.926355166 0 48
48466293 98846231 1.900651225 0 49
48469905 98840910 1.910059230 0 49
48494575 98813362 1.945474468 0 49
48525588 98818189 1.913596631 0 49
48530864 98853996 1.907714975 0 49
48560811 98848919 1.906919635 0 49
48571849 98839897 2.083610964 0 49
48578808 98848261 1.912304226 0 49
48585854 98828299 1.955350173 0 49
48587076 98835366 1.940312146 0 49
48588610 98818671 1.928918376 0 49
48616255 98823560 1.936639025 0 49
48624151 98834406 1.935637891 0 49
48630268 98859501 2.051526313 0 49
48633673 98823911 1.938593432 0 49
48655446 98857901 2.042497639 0 49
48659062 98817530 1.928799534 0 49
48694868 98830679 1.946031415 0 49
48747757 98854770 1.914301470 0 49
48825222 98846108 1.913416949 0 49
48851414 98843835 1.955606079 0 49
48935660 98833805 1.920969435 0 49
49083069 98827465 1.939656241 0 49
49160122 98832829 1.945719696 0 49
96598912 98931634 2.063909548 0 97
				49.44
