3060506 98640637 0.823821155 0 3
3241570 98643919 0.842950288 0 3
5086141 98644447 0.909653797 0 5
5297253 98655827 0.851341330 0 5
5373727 98655911 0.932874053 0 5
6939826 98614988 0.979273903 0 7
7026565 98629217 0.988073985 0 7
7296994 98662059 0.931071221 0 7
7415652 98670526 1.047295889 0 7
7813156 98689350 1.011853989 0 7
8945837 98618924 1.027463773 0 9
9102995 98615786 1.009982443 0 9
9170902 98635998 0.979058531 0 9
9505952 98626018 1.031582049 0 9
9529169 98637098 1.044808327 0 9
10022121 98645019 1.071475538 0 10
10399281 98652881 1.099763560 0 10
10525020 98644280 1.101342774 0 10
10800727 98664198 1.164533057 0 10
11092146 98653823 1.111296770 0 11
11234905 98669879 1.099319417 0 11
11390288 98648115 1.130251748 0 11
11573243 98696533 1.192881622 0 11
12135235 98658498 1.226509938 0 12
12301556 98651027 1.127715885 0 12
12392675 98651797 1.173213871 0 12
12641457 98657825 1.158590903 0 12
12693890 98654662 1.165580224 0 12
12784416 98665660 1.185034552 0 12
12804438 98676362 1.172371537 0 12
12964500 98661483 1.206196263 0 13
13123672 98649344 1.179974780 0 13
13133571 98644120 1.160302246 0 13
13165555 98682816 1.205698747 0 13
17895943 98831239 1.408849105 0 18
22980268 98713218 1.608266359 0 23
23022168 98688524 1.331983634 0 23
24427820 98691228 1.445003325 0 24
24761433 98694737 1.492096521 0 25
24917978 98732144 1.489778354 0 25
27784089 98711231 1.434227810 0 28
28109614 98864225 1.630998698 0 28
29682154 98698661 1.601770142 0 30
31232040 98697457 1.509020865 0 31
31639022 98800483 1.720147222 0 32
31656380 98722570 1.715520599 0 32
32148099 98726524 1.640480835 0 32
34350121 98727427 1.593700671 0 34
36052970 98738772 1.703577950 0 36
36278827 98730535 1.671779834 0 36
