55530310 98886755 2.070380621 0 56
56475686 98902325 2.087119064 0 57
56482237 98895018 2.077996538 0 57
56640158 98887578 2.091556068 0 57
56652021 98872491 2.120923218 0 57
56653543 98891099 2.084816317 0 57
56686092 98866161 2.101936422 0 57
56694080 98899827 2.095292810 0 57
56710292 98864959 2.120013778 0 57
56729705 98874688 2.123860129 0 57
56732092 98873566 2.123396161 0 57
56815558 98872929 2.116591870 0 57
56823810 98887302 2.093072841 0 57
56834095 98885506 2.093983954 0 57
56836736 98876480 2.113700922 0 57
56846873 98866724 2.119538886 0 57
56882387 98879182 2.092112805 0 57
56903279 98882997 2.086500870 0 57
56903818 98878769 2.130687448 0 57
56913329 98880341 2.085145965 0 57
56932257 98906665 2.092729357 0 57
56944633 98901653 2.093110732 0 57
56945575 98907689 2.100946277 0 57
56963283 98865871 2.113497494 0 57
56977029 98887316 2.130790393 0 57
56977125 98884904 2.096901922 0 57
57006095 98869556 2.125049338 0 57
57007771 98887585 2.123879419 0 57
57014611 98864376 2.121039689 0 57
57015298 98887731 2.085822551 0 57
57023921 98868046 2.129461399 0 57
57049585 98887997 2.090226942 0 57
57057636 98866225 2.105390922 0 57
57059911 98887566 2.144206651 0 57
57064802 98873854 2.109523423 0 57
57076971 98876928 2.107538594 0 57
57077652 98890574 2.111727567 0 57
57119541 98884094 2.098510319 0 57
57142807 98881477 2.120474340 0 57
57146961 98905799 2.092933273 0 57
57150188 98889422 2.195231791 0 57
57159500 98878729 2.106894824 0 57
57235423 98869371 2.125195192 0 57
57602893 98902354 2.093121308 0 58
57632395 98875480 2.119318105 0 58
57866986 98916880 2.120596154 0 58
98786182 98941992 2.286801439 0 99
98816289 98932651 2.297688701 0 99
98834999 98953014 2.270027530 0 99
98853607 98966053 2.283944140 0 99
