7599325 98714339 1.081152598 0 7
7887488 98724145 1.127043678 0 7
8446674 98722066 1.149554271 0 8
8949612 98732121 1.155279572 0 9
9835221 98727305 1.179317534 0 9
9911676 98724848 1.201590343 0 10
11043143 98694138 1.222434488 0 11
12388959 98716918 1.150034897 0 12
12740367 98717409 1.315113644 0 12
13517172 98718278 1.293214429 0 13
13822613 98700038 1.284166315 0 14
14457361 98708171 1.381076870 0 14
14457467 98721105 1.351985482 0 14
14458610 98717206 1.347743339 0 14
14515255 98730197 1.142055753 0 14
14516754 98712676 1.311287149 0 14
14838720 98728248 1.378618114 0 15
14840503 98716985 1.312252498 0 15
15102057 98730482 1.388040030 0 15
15260313 98735419 1.409773391 0 15
15579004 98731200 1.329991270 0 15
16459666 98704214 1.213499712 0 16
16493538 98700823 1.355103980 0 16
17714446 98719235 1.386217021 0 17
18141552 98715819 1.415581210 0 18
18369137 98720432 1.477635400 0 18
18538977 98730602 1.574080523 0 18
19117163 98763921 1.429705060 0 19
20574645 98694521 1.196352376 0 20
28916332 98752201 1.643177208 0 29
32432557 98765893 1.880174789 0 32
32986936 98738682 1.516714299 0 33
33094548 98723972 1.473666375 0 33
35495456 98753586 1.790471445 0 35
36439979 98760837 1.867005377 0 36
38652196 98741121 1.770366115 0 39
39199050 98781700 1.980980521 0 39
39276714 98727312 1.521878137 0 39
39671675 98762533 1.913953659 0 40
40364589 98757986 1.767495761 0 40
95351924 98880889 2.265298065 0 96
96636878 98895698 2.350275902 0 97
97012303 98887032 2.278647185 0 98
97112574 98913086 2.351921651 0 98
97294201 98903459 2.409343102 0 98
97572694 98898707 2.337509022 0 98
97643135 98877678 2.302731513 0 98
97699667 98905500 2.343306885 0 98
97720698 98891190 2.321226355 0 98
98115363 98891661 2.314634966 0 99
