56668248 98865872 2.112092808 0 57
56718078 98877639 2.086580914 0 57
56773010 98899984 2.105510452 0 57
56824808 98876289 2.100041820 0 57
56832398 98870031 2.084814258 0 57
56851395 98893487 2.090347630 0 57
56856360 98888624 2.089671698 0 57
56856902 98870354 2.115077807 0 57
56870833 98860489 2.135320153 0 57
56872461 98874655 2.099834465 0 57
56913713 98892861 2.081361355 0 57
56956700 98891043 2.102797552 0 57
56987202 98903186 2.083959188 0 57
57039773 98902740 2.090956745 0 57
57042133 98897277 2.088973102 0 57
57060522 98885693 2.097453721 0 57
57068972 98887900 2.095175518 0 57
57113260 98889461 2.093267709 0 57
57114035 98886268 2.096551022 0 57
57117039 98869367 2.129178698 0 57
57194751 98864745 2.140798627 0 57
57201909 98900739 2.102344157 0 57
57209634 98878843 2.093334188 0 57
57220022 98877071 2.157851782 0 57
57229787 98872531 2.136252305 0 57
57232019 98890024 2.123370281 0 57
57246873 98902783 2.106056903 0 57
57250827 98912703 2.090173009 0 57
57260288 98894703 2.138199738 0 57
57295694 98891112 2.112374593 0 57
57299685 98900720 2.112246470 0 57
57309202 98901694 2.099758814 0 57
57331288 98902301 2.092134971 0 57
57332008 98881854 2.145180531 0 57
57348556 98896310 2.089551035 0 57
57350193 98895892 2.146484352 0 57
57429376 98900624 2.098032485 0 58
57437395 98883907 2.130314925 0 58
57716606 98869690 2.101650116 0 58
59049654 98935126 2.555049303 0 59
98729070 98941373 2.322632366 0 99
98761371 98939449 2.279678005 0 99
98770850 98946305 2.326521764 0 99
98787744 98934338 2.315499933 0 99
98791604 98948203 2.245312979 0 99
98793549 98940333 2.275141391 0 99
98814687 98928809 2.319514732 0 99
98815423 98950274 2.349903051 0 99
98818280 98956559 2.265194121 0 99
98826194 98975515 2.284080268 0 99
