11063068 98721523 1.145941338 0 11
11395878 98720396 1.167161793 0 11
11464963 98728619 1.165054782 0 11
11565544 98726929 1.158966790 0 11
11690757 98720395 1.190505476 0 11
11818907 98743246 1.175372112 0 11
11923679 98732168 1.190826775 0 12
11966410 98739533 1.200702220 0 12
12046205 98730057 1.192222996 0 12
12089893 98726168 1.167737067 0 12
12091775 98732201 1.194460704 0 12
12221775 98732559 1.208508777 0 12
12535626 98749946 1.202721329 0 12
12764827 98738576 1.216891583 0 12
12888511 98737230 1.212643395 0 13
12891128 98721447 1.233673496 0 13
12915442 98734221 1.222128745 0 13
12929436 98723477 1.215645380 0 13
12939505 98736821 1.217887474 0 13
13009405 98725641 1.222481381 0 13
13061549 98725391 1.220901892 0 13
13332011 98735087 1.297313476 0 13
13564645 98730127 1.239570148 0 13
13600263 98745296 1.230703697 0 13
13623024 98720412 1.242091753 0 13
13730639 98737424 1.238432073 0 13
13758369 98720764 1.227866209 0 13
13790877 98747036 1.261198938 0 13
13846401 98732672 1.268650312 0 14
14016827 98726347 1.240620465 0 14
14194306 98730759 1.253455037 0 14
14201296 98735267 1.237703397 0 14
14278283 98749579 1.252988988 0 14
14304888 98734148 1.243505295 0 14
14370431 98725897 1.233944777 0 14
14414916 98721582 1.272901767 0 14
14465184 98731834 1.268027969 0 14
14768254 98733225 1.258530709 0 14
14950993 98736914 1.287597509 0 15
15016381 98744210 1.266486752 0 15
15217675 98727505 1.167895555 0 15
15235920 98742828 1.272743675 0 15
15810975 98758009 1.295937725 0 16
15821073 98735609 1.307299811 0 16
15846656 98757868 1.303093259 0 16
31544310 98729426 1.468585827 0 31
39170874 98781375 1.636744281 0 39
39267248 98769404 1.702460207 0 39
40788639 98798214 1.751492895 0 41
41730635 98792666 1.719191667 0 42
