7322728 98721813 1.108440115 0 7
7640604 98695469 1.118699835 0 7
8804740 98719966 1.150186004 0 8
8955705 98722571 1.151171170 0 9
11719650 98713255 1.288350082 0 11
13057854 98719065 1.334092057 0 13
13074683 98751223 1.322315350 0 13
13095959 98712162 1.339881486 0 13
13097390 98708123 1.322536345 0 13
13291279 98719523 1.341010532 0 13
13350587 98713357 1.342249854 0 13
13521986 98701109 1.247941202 0 13
13726531 98717967 1.323388032 0 13
13932606 98714632 1.373655663 0 14
13958771 98741770 1.330964994 0 14
13990945 98712000 1.319504518 0 14
14292886 98732027 1.350449738 0 14
14456490 98723607 1.326758099 0 14
14615602 98732476 1.339821168 0 14
14752822 98700454 1.330525142 0 14
14967708 98721057 1.399388693 0 15
17181879 98753846 1.418978485 0 17
17583320 98719931 1.250411935 0 17
18939410 98727549 1.403365190 0 19
20028865 98751348 1.525333102 0 20
20244963 98734472 1.468025470 0 20
24629847 98719279 1.342154772 0 24
25148391 98741246 1.548626471 0 25
26623101 98724072 1.469768309 0 26
26693948 98748246 1.602588491 0 27
27894637 98752041 1.540151164 0 28
28147627 98724388 1.553626358 0 28
29337886 98756538 1.679134653 0 29
33201526 98729019 1.546277369 0 33
34308710 98764147 1.845652455 0 34
34357981 98721322 1.556524882 0 34
34652421 98751798 1.635494587 0 35
34833136 98726310 1.551052361 0 35
35046034 98728794 1.444589495 0 35
35127425 98747993 1.611412656 0 35
35422542 98759614 1.839652522 0 35
36813872 98750554 1.561585393 0 37
37895537 98729834 1.510547541 0 38
38535323 98759100 1.784510544 0 39
38961167 98723534 1.482903007 0 39
39287057 98749979 1.635874310 0 39
39394784 98789958 1.961794448 0 39
43839013 98782169 1.916298079 0 44
97654741 98898778 2.370909147 0 98
98269928 98927336 2.254508322 0 99
