17629300 98771331 1.439452410 0 17
17904729 98778243 1.431755825 0 18
18108098 98760819 1.453943665 0 18
18158119 98802865 1.461543176 0 18
18317369 98775583 1.459809653 0 18
18412663 98778552 1.461968737 0 18
18430591 98766816 1.445434054 0 18
18625320 98751323 1.458435757 0 18
18653716 98755908 1.448057235 0 18
18695352 98762220 1.473215690 0 18
18866881 98783634 1.473957085 0 19
18904459 98790631 1.459446843 0 19
18928498 98778784 1.465251621 0 19
19012957 98783997 1.455846597 0 19
19037586 98773583 1.596666197 0 19
19061575 98787527 1.479758015 0 19
19066537 98782248 1.472708344 0 19
19074250 98802867 1.467107430 0 19
19234995 98787675 1.476502476 0 19
19272263 98775223 1.470023676 0 19
19284498 98795712 1.476688577 0 19
19337843 98787232 1.479725690 0 19
19347393 98830993 1.502518677 0 19
19474486 98833313 1.482890450 0 19
19484028 98776574 1.473682678 0 19
19489698 98775872 1.483619814 0 19
19513626 98756537 1.486076029 0 19
19547811 98774395 1.494458675 0 19
19563098 98806991 1.500221797 0 19
19579364 98824795 1.487942669 0 19
19584128 98798919 1.485371534 0 19
19602964 98767007 1.476562028 0 19
19644394 98785664 1.502414066 0 19
19662729 98787369 1.500570828 0 19
19669284 98794283 1.494885004 0 19
19768288 98797471 1.500312091 0 20
19802404 98782951 1.492091533 0 20
19966248 98789021 1.485575556 0 20
19978063 98801994 1.502180781 0 20
20028142 98765756 1.491046816 0 20
20029523 98805544 1.514046080 0 20
20055073 98772087 1.499189523 0 20
20115063 98801648 1.508666879 0 20
20196332 98783154 1.509036965 0 20
20532902 98790274 1.515104822 0 20
20666187 98780928 1.561606563 0 20
20745132 98823980 1.541127274 0 20
20754643 98779797 1.505900733 0 21
20780798 98803885 1.535364961 0 21
21139516 98783204 1.528202513 0 21
