17667292 98787692 1.425739013 0 17
18057342 98804225 1.467949264 0 18
18076134 98763441 1.451624212 0 18
18407213 98819072 1.472333768 0 18
18414392 98781709 1.450615960 0 18
18552778 98782682 1.476504379 0 18
18670549 98803933 1.474801094 0 18
18671131 98776982 1.471934484 0 18
18685283 98790834 1.548405433 0 18
18725118 98773127 1.469874560 0 18
18729175 98784713 1.482186893 0 18
18763813 98797045 1.474265591 0 18
18790649 98795293 1.476430396 0 19
18825380 98771656 1.477274049 0 19
18847255 98799559 1.486095049 0 19
18855851 98775923 1.454759418 0 19
18902507 98789411 1.488458623 0 19
18967283 98808428 1.489616529 0 19
19054539 98783657 1.482898609 0 19
19090812 98860156 1.505659415 0 19
19114897 98780191 1.479985352 0 19
19161150 98830057 1.506922059 0 19
19181065 98781514 1.484481435 0 19
19294444 98812767 1.489012370 0 19
19317277 98811551 1.505109383 0 19
19368803 98774416 1.488951377 0 19
19394300 98797911 1.483669920 0 19
19469895 98794933 1.491734770 0 19
19474601 98799235 1.481391666 0 19
19489047 98794070 1.456910388 0 19
19542086 98807923 1.498357031 0 19
19545046 98821889 1.506601711 0 19
19560971 98771065 1.513954169 0 19
19667624 98848718 1.510172362 0 19
19721904 98779531 1.530342552 0 19
19731788 98770749 1.494325483 0 19
19760790 98811751 1.553982002 0 19
19778693 98767652 1.472945977 0 20
19864721 98807397 1.516201968 0 20
19883162 98811674 1.514190841 0 20
20097335 98797924 1.525206318 0 20
20140000 98776504 1.514056137 0 20
20280133 98776938 1.499366485 0 20
20344735 98819016 1.520855447 0 20
20522353 98808497 1.507677491 0 20
20724910 98794438 1.540026698 0 20
20934949 98809148 1.540490063 0 21
20941863 98772899 1.523114600 0 21
21038924 98789653 1.527336252 0 21
21450914 98780458 1.543254482 0 21
