54827521 99140958 2.140399416 0 55
54915859 99150074 2.138637279 0 55
54992101 99138202 2.105383926 0 55
55019359 99154978 2.166709340 0 55
55210902 99138991 2.125962383 0 55
55220659 99184288 2.118857949 0 55
55291831 99177881 2.164674472 0 55
55291832 99143362 2.113285310 0 55
55299302 99145943 2.169524939 0 55
55304289 99191481 2.160203183 0 55
55326698 99115688 2.104144081 0 55
55335810 99133897 2.142229719 0 55
55347413 99140906 2.155979657 0 55
55356643 99238328 2.160424547 0 55
55395927 99130441 2.133555389 0 55
55410007 99210504 2.163460413 0 55
55424481 99199447 2.168082278 0 55
55481453 99171018 2.180219346 0 55
55497899 99155775 2.151864551 0 55
55533985 99137396 2.114830918 0 56
55573195 99126649 2.117097578 0 56
55632510 99172194 2.159119575 0 56
55649944 99190875 2.169184128 0 56
55662983 99168525 2.152228630 0 56
55667465 99220019 2.175680153 0 56
55689996 99228402 2.177731251 0 56
55700365 99173093 2.158102123 0 56
55737936 99166988 2.167674667 0 56
55857677 99163777 2.159100175 0 56
55882796 99160282 2.131880877 0 56
55910145 99147292 2.162097427 0 56
55914907 99199042 2.164221810 0 56
55919902 99226033 2.175352561 0 56
55954067 99211599 2.181854618 0 56
55972743 99165691 2.133864745 0 56
55986900 99192712 2.200114843 0 56
56011738 99154692 2.172592552 0 56
56019736 99225708 2.181914476 0 56
56024349 99150532 2.182184781 0 56
56038532 99159918 2.160343821 0 56
56088772 99157055 2.174051682 0 56
56140540 99114866 2.130169357 0 56
56169031 99147322 2.177607684 0 56
56185882 99133197 2.142314886 0 56
56242509 99258724 2.194290945 0 56
56291887 99183508 2.198914001 0 56
56338541 99139937 2.143515930 0 56
56597436 99174328 2.191260292 0 57
56613939 99125620 2.187080307 0 57
56823920 99171241 2.196000062 0 57
