16914960 98756249 1.399018098 0
17292061 98826587 1.423580674 0
17892573 98765866 1.415938406 0
18286287 98769902 1.441063514 0
18325515 98763900 1.443589627 0
18425575 98772418 1.442843040 0
18451070 98825861 1.427941518 0
18690454 98826465 1.444763804 0
18824118 98786832 1.434520823 0
19028961 98849919 1.477293964 0
19065913 98763182 1.459100349 0
19149356 98873595 1.490985811 0
19185951 98844390 1.456571216 0
19196265 98860561 1.473394319 0
19210387 98796431 1.487333095 0
19238277 98861022 1.456248323 0
19303680 98867605 1.466834691 0
19359251 98828176 1.482477259 0
19434535 98799761 1.468705917 0
19459837 98781860 1.471210689 0
19533393 98842635 1.478571833 0
19694948 98852708 1.487252049 0
19773606 98841461 1.464166906 0
19834720 98888720 1.492892704 0
19886014 98811962 1.490840256 0
19893046 98863838 1.490625497 0		20.12
19905596 98775397 1.470563889 0
19907261 98856990 1.491871073 0
19908546 98822353 1.467646843 0
19931397 98799008 1.479784557 0
19941177 98810696 1.483153658 0
19965954 98855041 1.485240402 0
20185136 98862086 1.486106036 0
20214281 98874618 1.543756086 0
20243058 98820655 1.493882729 0
20375338 98783526 1.486889583 0
20457438 98874488 1.493617818 0
20613738 98893271 1.524237082 0
20635328 98879282 1.506602613 0
20651613 98850164 1.513885675 0
20882019 98880358 1.506954855 0
20892521 98848544 1.512699389 0
20957320 98820778 1.517963519 0
21187813 98874493 1.777536497 0
21191016 98813463 1.505755234 0
21421544 98863138 1.521002935 0
21652577 98825558 1.532732219 0
22257160 98912369 1.548961606 0
25112040 98867713 1.649372543 0
26261088 98998660 1.705048332 0
