41605 43404765 0.758331158 0
43547 44507081 0.769319867 0
43960 41341540 0.761494147 0
45392 39933714 0.754025006 0
45768 45951353 0.757180926 0
46571 73492979 0.779396512 0
47420 44474494 0.761748363 0
47640 31066217 0.752617797 0
48266 45995221 0.764163827 0
48522 32321406 0.758691056 0
48556 28463167 0.755927007 0
48893 44234259 0.759011152 0
49733 45691680 0.757543657 0
49944 58289405 0.771892148 0
49992 39198829 0.756191727 0
50098 68761862 0.770297212 0
50463 56427773 0.774849492 0
50501 44327460 0.778353582 0
50903 32196629 0.758929202 0
51201 57740812 0.772013447 0
51211 31116002 0.756238993 0
51243 15874441 0.753830597 0
51488 29742760 0.760918226 0
52224 45220285 0.757110227 0
52569 40794848 0.757089203 0
52888 33822597 0.760052217 0
53083 44635817 0.775041123 0
54971 32630881 0.753570994 0
55315 44172052 0.758190301 0
56125 34216923 0.756111769 0
56760 45878370 0.789985611 0
57008 44586366 0.768439300 0
57885 45241080 0.774571406 0
60299 29174714 0.755447363 0
60569 33821845 0.757303268 0
67180 29105613 0.754948012 0
68561 30966349 0.756624304 0
69139 56749473 0.775237810 0
73371 30819772 0.757518932 0
74136 32436952 0.756313186 0
77134 32603577 0.757781548 0
77310 30791392 0.760795865 0
79796 46066332 0.766028255 0
81474 32544820 0.758457608 0
83516 32137320 0.758394271 0
104264 30714737 0.756854105 0
107502 49017189 0.770085645 0
151958 32571560 0.763292001 0
202258 32745875 0.765241219 0
220390 32732134 0.769413992 0
