46975 62833802 0.768040664 0
48460 42957317 0.752133286 0
49382 42516435 0.764486725 0
50488 28714601 0.753447626 0
51372 58480326 0.776318640 0
51667 56890251 0.770848487 0
51938 47520061 0.755727688 0
52225 49037984 0.766970711 0
53017 44574274 0.756833508 0
54656 29280956 0.753549318 0
55257 29050076 0.754270362 0
55502 69090549 0.776765084 0
55967 44490684 0.759747712 0
56405 15291930 0.751741300 0
56446 29338133 0.751477323 0
56599 32427303 0.753831642 0
56847 62510774 0.780373489 0
56977 30818165 0.751836284 0
57285 44476387 0.763595275 0
57492 28259008 0.753756195 0
57612 30401914 0.751901590 0
57703 28019721 0.763081872 0
57839 32010534 0.753562198 0
57880 29534889 0.754962816 0
57915 29337208 0.754018424 0
58041 44041920 0.771946124 0
58212 44888683 0.761587168 0
58903 43077670 0.754301982 0
59140 32047501 0.772545355 0
59588 45988806 0.758466547 0
66668 46630091 0.797641543 0
68674 30841923 0.755299249 0
69525 44667619 0.761754177 0
71195 33783120 0.756068380 0
71969 41533823 0.756011952 0
74389 29536637 0.762004520 0
78161 42910189 0.760975301 0
87447 33818753 0.757712318 0
88271 18779739 0.755630875 0
92905 33152506 0.771420255 0
96844 27965085 0.761408533 0
98442 46395060 0.767332892 0
98442 49202319 0.761233399 0
107068 30990738 0.757119849 0
117784 44492779 0.760215734 0
122720 64377333 0.869439887 0
178598 46124172 0.768644909 0
187389 33764619 0.765187973 0
218040 58577240 0.788791035 0
253893 44809222 0.776988919 0
