14439126 98778818 1.280417704 53433 14
14850455 98779569 1.261785954 56718 15
15270859 98763766 1.286982294 54514 15
15482199 98754826 1.284353556 55558 15
15563899 98763971 1.273828503 57199 15
15621119 98780001 1.282932358 54833 15
15631084 98755099 1.294219872 57207 15
15692944 98742295 1.537259166 58160 15
15693884 98774392 1.286689096 57755 15
15707730 98780566 1.295263446 55479 15
15750851 98804645 1.298189990 55744 15
15948579 98752673 1.295018539 54999 16
15956948 98776050 1.312657641 58447 16
16112659 98732816 1.297997032 55794 16
16349349 98753558 1.315933849 55174 16
16389608 98800352 1.310598089 57439 16
16498903 98766786 1.306880966 55870 16
16587922 98782851 1.310679353 55111 16
16616979 98713190 1.359386768 55272 16
16722111 98778201 1.308463049 56477 16
17062067 98750939 1.322205240 55066 17
17099928 98781285 1.317403792 54321 17
17192432 98737955 1.320243126 53427 17
18435413 98793825 1.348528971 56073 18
20717762 98832912 1.412230215 54926 20
20791714 98840055 1.401246556 55525 21
24865213 98867032 1.502039251 55545 25
25292647 98914353 1.561665897 55797 25
25560144 98865717 1.513169208 54371 25
63133915 99543918 2.714313221 68399 63
