46806734 99223800 2.065120632 60404 47
47197679 99376148 2.210492893 60077 47
47267617 99291508 2.140027415 61334 47
48138183 99339869 2.217016839 62413 48
48222464 99282691 2.078935006 61766 48
48300348 99338247 2.154785919 59525 48
48345118 99380811 2.185849539 61216 48
48744435 99244836 2.213540989 63891 49
48860683 99280643 2.122885914 64954 49
48901422 99203104 2.101834014 62783 49
48928819 99455132 2.156197420 55000 49
49069718 99398047 2.195211800 57345 49
49123402 99305495 2.274195637 59996 49
49274609 99266315 2.128795289 62680 49
49290869 99313120 2.267394073 61598 49
49312706 99325553 2.473966713 60850 49
49391799 99389658 2.325771863 61311 49
49524865 99403006 2.374869786 59257 49
49535916 99347530 2.294928475 54515 49
49839141 99418312 2.326253206 55654 50
49861673 99310704 2.118216628 64165 50
49899897 99283180 2.289472425 61881 50
49900012 99307081 2.219006760 61860 50
50010866 99453070 2.447567427 60055 50
50174199 99364328 2.309829886 61817 50
50238570 99403425 2.344977526 59143 50
50326739 99402375 2.505276773 57565 50
50481803 99452915 2.390624718 61092 50
50838064 99372130 2.386032334 55571 51
50939128 99436646 2.422583301 61307 51
