65262437 98990303 2.171373510 60112 65
65264704 99010199 2.166184994 59134 65
65290730 98959894 2.155221166 57439 65
65393872 98992788 2.152319637 61222 66
65402275 98970752 2.159178991 60010 66
65405830 98951196 2.159318863 59519 66
65408753 98966039 2.174309034 59171 66
65416312 98954743 2.174689757 60351 66
65417491 98943443 2.173775186 60563 66
65423850 98952171 2.150681188 57590 66
65427761 98986772 2.160535186 58134 66
65437743 98972752 2.157895367 57045 66
65442947 98960877 2.152025698 58981 66
65456795 99002027 2.236949910 60231 66
65465228 98950049 2.175757056 60220 66
65469895 98944601 2.166626839 57043 66
65477731 98953273 2.165763518 58829 66
65479014 99009486 2.181629348 62167 66
65479353 98981889 2.147910446 62757 66
65481027 99023492 2.171751592 61315 66
65485306 98971537 2.175710946 58857 66
65558595 98930135 2.164980353 59313 66
65571309 98981264 2.164698405 56938 66
65597574 98975818 2.170853074 63369 66
65606278 98990228 2.167600704 59124 66
65616379 98938139 2.180623838 57913 66
65647732 98971739 2.171512283 60685 66
65703752 99000695 2.170453883 59120 66
65705892 98985525 2.154094633 63248 66
65792633 98980251 2.169041258 58867 66
