15770001 98786099 1.204707578 56703 15
33817175 98805138 1.489410675 57498 34
36706780 98803671 1.402461268 56157 37
43365214 98879756 1.693964603 57681 43
47477461 99367907 2.277009920 57644 47
47857652 99299981 2.158503863 61597 48
48506856 99359172 2.249821841 62711 48
48596642 99268441 2.110193610 65027 48
48738424 99234035 2.163692655 62125 49
48908442 99329576 2.293197795 64431 49
49140781 99320958 2.163524908 58878 49
49591365 99197139 2.115549992 64167 49
49941230 99266505 2.183058190 56548 50
50236997 99424097 2.424727924 61893 50
50383428 99375309 2.266202880 59629 50
50442554 99396124 2.241558319 62956 50
50510729 99412269 2.211014035 59889 50
50687848 99360397 2.248897272 58512 51
51250993 99441950 2.476083485 61386 51
52380836 99300892 2.175058772 60688 52
60256865 99387645 2.498449303 55219 60
61160335 99362805 2.312913798 59471 61
74119848 99179618 2.352719060 62034 74
77421858 99330050 2.445817756 62208 77
77608834 99346593 2.451616801 59857 78
77725908 99348262 2.547554272 61644 78
78322550 99276498 2.445811417 62913 78
78413197 99287127 2.471220470 63035 78
79400431 99301652 2.453936530 59892 79
79775370 99447618 2.769189151 59665 80
