2581323 98691444 0.853675450 54200 2
4649619 98707474 0.908044172 52698 4
5062325 98740347 0.923587124 53615 5
5130185 98739993 0.954823392 52200 5
5184637 98693692 0.913909686 54434 5
6957967 98745980 1.018123949 55818 7
7567430 98680708 1.108306602 53339 7
7914572 98693147 1.064810699 53646 8
8877745 98702529 1.078373976 53182 8
9304435 98730344 1.146728068 55698 9
10147546 98742896 1.179692371 57004 10
10297649 98769089 1.146212138 55534 10
10475717 98759304 1.194660824 54384 10
10824312 98842668 1.152454858 55754 10
11068245 98746319 1.117618846 55521 11
11423859 98754582 1.176397291 55933 11
11989835 98742814 1.206662600 55490 12
12948186 98822479 1.180484593 54634 13
15195660 98845538 1.251610852 55478 15
15364491 98816738 1.345019681 54636 15
19064519 98754259 1.445833794 59118 19
21281307 98726365 1.482537415 56406 21
21328288 98791922 1.545801086 58684 21
21460628 98878084 1.482185053 55496 21
22958518 98798691 1.597673448 57493 23
25831153 98756595 1.577443048 59705 26
26225433 98781205 1.725863586 58423 26
32184432 98809444 1.806087682 55713 32
32937544 98829631 1.799787522 57057 33
34959532 98769710 1.783227605 54713 35
