2737275 98673988 0.837311159 53209 2
3264358 98718398 0.876717779 56156 3
4900922 98743221 0.940054345 54065 4
4977952 98715387 0.952934439 54897 5
5943553 98708046 0.987554528 55073 6
7164665 98713114 1.038614516 53122 7
8076131 98702520 1.150020081 54249 8
8293204 98741419 1.062420393 54020 8
9204464 98717823 1.095821972 55892 9
9253165 98748324 1.100290810 56771 9
9492896 98729422 1.154767352 56503 9
9843815 98757763 1.179854369 55336 9
10116861 98758034 1.199402615 57390 10
10345932 98753567 1.127778524 55545 10
13187954 98757313 1.211926436 55751 13
13283150 98704339 1.285155398 56318 13
14766815 98762483 1.306424973 53135 14
15631744 98737578 1.366227558 57609 15
16161019 98737425 1.396896333 56209 16
17425358 98731251 1.324386849 56816 17
18818561 98777553 1.491467227 56401 19
19046060 98775665 1.685111547 58868 19
19595403 98767069 1.442672595 55944 19
20162930 98771377 1.496036759 57192 20
21458421 98775071 1.547234157 58008 21
22513779 98785758 1.544656856 57057 22
22834189 98784800 1.607381085 56690 23
24937275 98795795 1.534200939 57092 25
31010838 98781229 1.660866247 60708 31
31147160 98814636 1.766589032 55282 31
