54605128 98969901 2.044052464 63171 55
54687591 98985835 2.063406270 57788 55
54694100 99010733 2.056775450 61031 55
54694886 98977962 2.064802904 60405 55
54729162 98952885 2.065558468 58800 55
54729836 98981826 2.067018099 59852 55
54748647 98995949 2.074208009 58886 55
54775551 98998136 2.061891381 60772 55
54795828 98958255 2.050752582 60349 55
54800681 98987843 2.110013358 57833 55
54809356 98991683 2.066357824 62535 55
54815841 98997224 2.080473433 59202 55
54844171 98973845 2.066529494 62453 55
54865694 98956347 2.055663144 62019 55
54873732 99026143 2.074114113 63083 55
54901944 98981779 2.051318059 58856 55
54901972 98965822 2.058406507 60168 55
54907126 99016306 2.061216283 60646 55
54912971 98944499 2.060156334 59968 55
54924936 98987577 2.071022262 62479 55
54991181 99023552 2.058439690 59759 55
54997957 99004102 2.067825837 60792 55
55026986 98942638 2.053618440 57597 55
55028399 98954821 2.071292465 61919 55
55045808 99019094 2.068269621 61179 55
55056922 98926017 2.072627542 59429 55
55142556 99004668 2.062498697 60008 55
55479487 99024939 2.075923763 62104 56
55531946 99023690 2.077835809 60806 56
55540705 99006952 2.070301493 58389 56
