13987710 98696194 1.239552843 56448 14
14267028 98795872 1.257506050 57912 14
14279335 98701654 1.258064499 56375 14
14294550 98763108 1.254713228 57384 14
14299223 98757330 1.260629721 54731 14
14304381 98775220 1.266037091 54581 14
14512688 98744253 1.264810730 55351 14
14630827 98752130 1.270438769 57696 14
14756387 98767871 1.266862644 57710 14
14863586 98755002 1.278477996 57723 15
14990803 98760982 1.276279170 56423 15
15029251 98770397 1.277435002 57985 15
15400171 98794614 1.298884356 57867 15
15491930 98792330 1.304815330 56124 15
15567968 98777562 1.298729774 55920 15
15675808 98761834 1.288557292 55641 15
15840601 98787070 1.290187708 55286 16
16034109 98778083 1.305249249 56325 16
16389781 98726272 1.319121615 57195 16
16439902 98769123 1.320044204 55476 16
16445009 98774291 1.313382095 56566 16
16518044 98754930 1.315413884 54514 16
16628836 98774983 1.318604308 56940 16
16716333 98714368 1.303994364 56861 16
16773602 98753778 1.318564016 54895 16
16915100 98776792 1.531335815 56000 17
35140485 98782107 1.701316426 55781 35
41119978 98757486 1.672352764 56935 41
42209619 98808999 1.728343012 55284 42
42667872 98807885 1.652238673 57485 43
