16322872 98883719 1.379669460 55973 16
16355138 98824838 1.372874999 58085 16
16746802 98818609 1.358147772 56326 16
16992895 98833723 1.381564952 57406 17
17658739 98904349 1.402490252 55287 17
17659271 98809472 1.396656506 59843 17
17716669 98835804 1.399529471 59858 17
17772521 98890167 1.402123626 56190 17
17986890 98923963 1.412294675 57880 18
18250628 98803580 1.410996258 56596 18
18374031 98840240 1.414961180 57479 18
18546028 98884868 1.391607358 57116 18
18760231 98874823 1.435409100 56078 18
18894309 98805820 1.430548445 58643 19
19028670 98874091 1.434405285 58516 19
19106000 98864411 1.432732081 60376 19
19169449 98835556 1.429935604 62620 19
19226277 98849391 1.445575986 57384 19
19257483 98874886 1.440513854 55652 19
19578880 98898988 1.453207786 57677 19
19689380 98875641 1.456840072 55834 19
20120145 98833581 1.453812792 57515 20
20141405 98799110 1.450446927 58951 20
20707143 98920281 1.481033146 55439 20
20932862 98897249 1.476926178 56893 21
21596714 98934953 1.507752466 56999 21
22258222 98962373 1.505638221 57697 22
29541999 99134773 1.734952107 57922 29
30976657 98990178 1.720349534 59070 31
47315763 98900184 1.846373973 59033 47
