11927739 98790399 1.078581809 56018 12
12221542 98804784 1.065803671 56369 12
24857491 98821797 1.234988721 58755 25
25350396 98799824 1.290948724 59313 25
25622390 98782818 1.264458716 57472 25
26645381 98832081 1.428501660 57078 26
26676728 98800474 1.297579620 56623 27
27687911 98755120 1.290958624 57737 28
27717887 98732386 1.305791758 59790 28
27781495 98767066 1.290774297 57456 28
27825557 98777447 1.383764805 59974 28
28076877 98830717 1.395368200 58356 28
28147100 98782698 1.280165356 59643 28
28231875 98778518 1.281894455 58428 28
28293502 98818660 1.290392042 59185 28
28363468 98771816 1.299674966 61270 28
28554657 98795891 1.494827804 57895 28
29155036 98774482 1.449196696 59067 29
29641018 98820221 1.478584841 59099 29
29749388 98818891 1.407653742 58931 30
29804701 98777732 1.412152962 58516 30
29970005 98841137 1.486056167 59897 30
30486128 98787805 1.426172234 60343 30
30550727 98826261 1.415312546 56877 30
31070721 98808585 1.446758927 61840 31
31471611 98824709 1.442265026 61693 31
32059095 98789355 1.499399683 59590 32
32300094 98771296 1.521606329 60805 32
33713599 98814609 1.500058159 56098 34
34695705 98785119 1.636863818 53664 35
