58232738 98972920 2.082664727 58949 58
58262077 98978660 2.117270220 58741 58
58300537 98972827 2.102290192 59453 58
58307313 99010655 2.093982123 60923 58
58315407 98964825 2.101974747 59513 58
58330347 99007757 2.119086426 60997 58
58348757 98948239 2.083496893 62349 58
58357887 98970622 2.103550407 58582 58
58387435 99013579 2.099017284 59571 58
58390471 98948765 2.096460291 58824 59
58400870 98950806 2.088725741 57581 59
58410691 98988824 2.093098373 62560 59
58425212 98997644 2.102969527 62868 59
58431800 98956441 2.098297181 59973 59
58433390 98987829 2.121858818 60282 59
58437477 99010915 2.107945693 58849 59
58478594 99001162 2.102102129 64034 59
58482333 99001691 2.259916724 61119 59
58486136 98997475 2.091706612 63929 59
58490628 99027023 2.105474499 58738 59
58565217 98997792 2.086050346 64374 59
58591563 99012346 2.109291096 62077 59
58597293 98997484 2.095376564 65499 59
58675615 99029563 2.131274911 59905 59
58786784 98999442 2.198135354 65375 59
58839647 98990783 2.117251196 59513 59
61692634 99039092 2.128052527 62646 62
61904762 99072988 2.208113953 60965 62
61930640 99094543 2.146669949 61021 62
63734130 99099556 2.210005633 63518 64
