10962502 98740021 1.188831080 55784 11
11880232 98755637 1.210970941 55628 12
12005344 98737257 1.211218375 56584 12
12343827 98778476 1.214000421 59640 12
12483318 98794780 1.230723176 56449 12
12751057 98777897 1.239519643 55830 12
13104177 98783725 1.256404502 58686 13
13501707 98758602 1.268866467 55584 13
13614270 98775167 1.264708406 58532 13
13721325 98789615 1.265852311 55450 13
14064389 98792889 1.268172991 54598 14
14194838 98779028 1.275116666 54001 14
14329010 98785640 1.284185450 55713 14
14481890 98783783 1.289761918 58304 14
14570526 98731564 1.285087467 54721 14
14616744 98775085 1.286328959 55466 14
14674919 98785958 1.291637447 55241 14
14676378 98770545 1.282477478 57399 14
14745850 98779482 1.288321467 55859 14
14774422 98777633 1.291952505 54982 14
14972333 98771343 1.295717225 56345 15
15030152 98781294 1.289473571 55239 15
15136370 98766790 1.297932607 55066 15
15928289 98756055 1.315303988 56432 16
16087742 98772455 1.319826557 53620 16
39600971 98810108 1.769860440 57911 40
42736595 98833806 1.737921825 58381 43
43142138 98793298 1.720722103 58095 43
43405372 98775262 1.752085401 57994 43
47922566 98844749 1.860816357 55956 48
