7800275 98740810 1.043751697 56936 7
8321879 98756786 1.062609149 54967 8
8796151 98690053 1.098368575 56568 8
9234721 98768660 1.115200691 55244 9
9711518 98724712 1.188354682 57912 9
9932402 98769786 1.133298355 60287 10
10201254 98757476 1.179605723 54702 10
11128405 98735188 1.202565396 54513 11
12119328 98799902 1.238054923 55600 12
13090040 98752213 1.266646649 58914 13
13195830 98801764 1.282159625 57829 13
13518030 98759222 1.262211849 55672 13
17432295 98847366 1.370185013 53502 17
17495404 98776679 1.374824011 56664 17
17937101 98762852 1.428066396 54489 18
18662243 98760342 1.397544233 56558 18
18830120 98780890 1.382590435 58711 19
20415054 98760887 1.410079141 60267 20
21337642 98779746 1.426042039 58178 21
21338682 98831138 1.478176418 56618 21
21482612 98727259 1.450874038 56986 21
22627000 98782375 1.480769688 54944 22
23551022 98788826 1.528574191 58226 23
25063539 98741519 1.499054593 60396 25
25737725 98728450 1.706047321 58145 26
32061046 98864586 1.764814275 58880 32
38203757 98905201 1.847149271 57459 38
39069148 98847977 1.879654483 62485 39
39536022 98822647 1.808580882 59827 40
43627903 98834865 1.790150649 60526 44
