99439608 99835821 3.058671304 224488 99
99454313 99936737 2.985416449 216499 99
99491974 100002913 2.929117339 231754 99
99510112 99860509 2.956325076 225603 99
99533698 100064671 2.990345012 234446 99
99543194 100153544 3.005810533 235866 99
99579991 100024176 3.020699197 237915 99
99640896 100124932 2.957700519 226433 99
99673923 100163826 2.934530427 229689 99
99728285 100121029 2.940423438 223895 99
99781244 100202420 2.945483001 229773 99
99783022 100160133 2.892461533 227376 99
99785842 100180007 2.932020442 216238 99
99823890 100219521 2.941770637 220182 99
99984109 100495193 3.097672421 228920 99
100032799 100601325 3.082852394 256687 99
100125675 100521988 2.989207708 230056 99
100140161 100552834 2.972232202 214482 99
100144181 100701985 2.996618080 236755 99
100207772 100715619 3.019222483 240615 99
100209883 100690273 3.072370162 233204 99
100261850 100834336 3.033403025 233482 99
100479757 100902036 3.086733569 225499 99
100481685 100894430 2.989726755 212867 99
100626916 101071792 2.990661200 220146 99
100681572 101144767 3.076382277 223590 99
100840631 101443160 3.466780526 227335 99
100859665 101518093 3.112237794 229904 99
100963573 101464816 3.069544278 213295 99
102599270 103175623 3.248002635 225282 99
