507204 98687055 0.741624533 54623 0
1543832 98667311 0.785157581 54452 1
2711567 98616444 0.858525268 52046 2
4422066 98696747 0.877969766 52510 4
5666017 98673323 0.975844720 52426 5
7317259 98736639 1.028887774 54624 7
7401809 98741953 1.038344907 54446 7
9508594 98715929 1.097018637 54383 9
10990665 98810486 1.119560464 54198 11
11565614 98764979 1.194432098 53047 11
15827996 98733711 1.310617926 54899 16
15966409 98770260 1.369056973 56126 16
17362143 98774373 1.530187059 54289 17
18665904 98814903 1.443994382 54243 18
19514977 98791427 1.447820363 56463 19
19635415 98770451 1.514991118 55567 19
20254485 98840742 1.412983422 55338 20
20266854 98755782 1.454505912 56756 20
21009352 98767611 1.479938604 57004 21
21063385 98761783 1.519016949 58072 21
21734191 98802656 1.505904765 54519 21
22336843 98848939 1.539805004 53528 22
22576549 98754462 1.644236960 55637 22
23124535 98790393 1.558381949 56016 23
26752269 98793291 1.639872574 59672 27
26770982 98792373 1.667467722 58527 27
27302965 98774823 1.524041170 55266 27
27577801 98772090 1.688027183 55440 27
27940246 98885307 1.741023009 53953 28
35214191 98887508 1.921567952 58474 35
