13958759 98782101 1.234848821 56864 14
14542518 98740063 1.230876468 58930 14
14571561 98793130 1.254427103 56979 14
15022534 98757492 1.258799415 56147 15
15232538 98734694 1.266262478 57802 15
15293231 98781108 1.272598522 55893 15
15611442 98725115 1.276649716 54858 15
15967955 98815140 1.278388013 56037 16
15976102 98732156 1.276721177 58093 16
16014276 98701330 1.281818585 57455 16
16543418 98788322 1.286571952 58618 16
16562388 98758369 1.282643623 57668 16
16798534 98754819 1.295804207 58795 17
17128152 98764244 1.577028491 56221 17
17194763 98827516 1.305244100 56541 17
17364046 98798526 1.311747698 56848 17
17612452 98792334 1.318262051 59721 17
17620801 98810262 1.325981858 57059 17
17644172 98807483 1.320914650 57326 17
17747819 98776407 1.309459865 55874 17
18134851 98843426 1.340209048 56712 18
18917429 98766050 1.354973700 60166 19
21683680 98816630 1.419243137 57132 21
21808834 98884977 1.441739078 57352 22
21883027 98874813 1.687899008 60343 22
23148786 98893086 1.468619125 56059 23
23232741 98863358 1.506514594 56248 23
26152803 99006636 1.563928394 56690 26
27177871 98945409 1.567301925 57350 27
27854524 98894830 1.560291264 57761 28
