11488733 98758168 1.199360887 58347 11
12202388 98742060 1.191135990 53639 12
12991678 98760739 1.374799324 56915 13
13197220 98743736 1.250674541 58834 13
13539655 98749016 1.253452273 59436 13
13844343 98711680 1.396755300 57955 14
13884318 98776699 1.268055494 59277 14
13915456 98756710 1.268455493 56124 14
13956030 98770606 1.293308615 56602 14
14086384 98743836 1.274811979 55273 14
14359706 98760689 1.277085515 56321 14
14630340 98752869 1.278042977 56845 14
14723623 98770459 1.278758670 55910 14
14754650 98761762 1.289636302 55187 14
14815453 98702796 1.273694702 57190 15
14855286 98786494 1.293425995 55875 15
15103259 98733919 1.303633913 54510 15
15207321 98776007 1.274074890 55246 15
15370167 98767711 1.306023690 56218 15
15592495 98784032 1.301164851 56474 15
15739050 98719976 1.316341380 58442 15
15768988 98761122 1.314586817 55818 15
15889630 98741673 1.310886840 51857 16
16213008 98772149 1.301584620 54019 16
16342473 98773194 1.313071987 55803 16
16375903 98772297 1.321348890 53607 16
16428971 98779504 1.325692781 58458 16
17011777 98777526 1.344978960 56346 17
37403938 98794148 1.621111513 60285 37
39791208 98810369 1.711026617 56190 40
