44505194 98908878 1.942896552 59884 44
44601501 98893120 1.964798801 61311 45
44675679 98960224 1.963095069 56269 45
44724441 98961603 1.969816378 61739 45
44730429 98941147 1.965073677 60111 45
44768212 98920059 1.966692290 59649 45
44792629 98976856 1.961523497 60717 45
44817930 99010284 1.971602786 60661 45
44824948 98873250 2.133297991 60888 45
44835241 98986132 2.092599507 58201 45
44887787 98988822 1.972471955 60939 45
44891370 99006938 1.971821624 59597 45
44897233 98961642 2.059420307 61081 45
44943190 98979748 1.965074442 56553 45
44944732 98917296 1.970084697 57582 45
44950234 98991512 1.964507186 60315 45
45021025 98984459 1.969947684 56772 45
45028036 98978531 2.039947469 56065 45
45032612 98979681 1.985973448 60177 45
45059686 98850550 1.945421834 62389 45
45060992 98927146 1.964648180 57883 45
45151065 99000668 2.113744222 60125 45
45172195 98858178 1.965608963 60846 45
45213456 99016084 1.974561963 58050 45
45233313 98953943 1.970060138 59959 45
45260456 99034840 1.983402827 62099 45
45276525 98983655 1.978541086 61836 45
45292761 98951221 1.977322292 60864 45
45421063 98982951 1.966186035 61818 45
45609979 98998619 1.988503164 61002 46
