49043967 99233896 2.202032980 56834 49
49153594 99352595 2.233985241 59568 49
49161255 99319421 2.247039864 55661 49
49500909 99416507 2.269034981 59621 49
49764068 99351536 2.224638776 66730 50
50006982 99416381 2.268226512 54858 50
50095246 99335093 2.208698981 62837 50
50166096 99360648 2.330574446 60227 50
50228173 99436140 2.324471102 61069 50
50286218 99329512 2.265803624 62449 50
50322578 99363042 2.264870259 60530 50
50404290 99460432 2.402626450 58540 50
50437091 99390884 2.221998745 60411 50
50454623 99306401 2.194268790 64635 50
50522644 99421476 2.249646516 60347 50
50529887 99417159 2.195535830 57918 50
50531663 99447326 2.229206668 61413 50
50582340 99481212 2.323635011 65273 50
50597968 99413045 2.266075068 61845 50
50661290 99393346 2.177174002 60582 50
50733998 99353718 2.216029820 58182 51
50744447 99433279 2.223884501 61227 51
50852573 99457170 2.307405850 56582 51
51289435 99515844 2.534899492 59551 51
51477815 99444724 2.429420824 62831 51
51555168 99470702 2.365491087 56355 51
51652247 99388492 2.720608810 63124 51
51986974 99421206 2.365894048 54090 52
52119293 99472110 2.487333334 60532 52
52391872 99414636 2.490219541 58261 52
