19669788 98902700 1.459620148 58912 19
20158101 98881533 1.467346604 58801 20
20188230 98864895 1.477538697 56924 20
20202097 98842829 1.470585066 58597 20
20522085 98845005 1.475190163 56199 20
20663632 98802778 1.476931908 59804 20
20731903 98917767 1.485959595 55982 20
21027336 98876466 1.483489187 56905 21
21212422 98858164 1.492896328 56020 21
21234284 98842257 1.476730730 59788 21
21290188 98891132 1.486287382 56881 21
21384028 98844177 1.478082352 56786 21
21442309 98872709 1.484669211 58129 21
21485669 98835680 1.495376038 55593 21
21657500 98855761 1.500524931 57917 21
21660665 98850461 1.499559233 56342 21
21699594 98881961 1.496889119 59034 21
22231394 98883438 1.512524573 58265 22
22439462 98830978 1.513168041 57884 22
22507567 98866707 1.531313764 57109 22
22511516 98872575 1.524216601 58067 22
22590274 98924746 1.528299089 56311 22
22800962 98840371 1.526517595 58497 23
22967763 98898172 1.533002158 57361 23
23212170 98866356 1.535370235 56045 23
23255669 98864872 1.533566784 59800 23
23328629 98933096 1.536954106 57083 23
23761980 98901273 1.550452027 56971 24
24411100 98908418 1.565036598 58381 24
60629846 98924630 2.094700016 56654 61
