8495922 98721024 1.072482064 58707 8
9741993 98756989 1.101141902 57409 9
10998480 98759337 1.190020166 57597 11
11419706 98773112 1.151269557 55093 11
11585186 98767234 1.327840323 56483 11
12104484 98799670 1.232662401 57074 12
13212621 98791650 1.263427201 57030 13
13289620 98783331 1.261048161 55923 13
13412555 98801809 1.260464030 55082 13
14335165 98803371 1.299064345 56393 14
15814069 98837865 1.317532535 56758 16
17183465 98724633 1.348101012 56720 17
18018203 98771877 1.317507168 58258 18
25007322 98789800 1.631985901 56645 25
25520284 98786436 1.543960305 57247 25
27124564 98778334 1.628702245 61465 27
27808449 98781272 1.663345989 58506 28
29597868 98798209 1.646966553 56347 29
30674735 98832954 1.679469257 55924 31
30862300 98814904 1.637679807 56287 31
31453483 98828638 1.669176093 57728 31
32269540 98860869 1.698569856 57636 32
32629341 98778660 1.700540421 58801 33
34850132 98817030 1.706185482 56919 35
35560938 98840835 1.729191235 60383 35
37052050 98833808 1.865059038 56518 37
37358410 98853182 1.823706786 59686 37
39140001 98825387 1.807110000 59355 39
39305535 98809931 1.826441973 59904 39
43859432 98976748 1.960961201 58652 44
