8201030 98730424 1.065919974 53885 8
10877861 98752870 1.134136735 56156 11
11663795 98842933 1.241292752 56682 11
12127128 98830213 1.247455571 54188 12
12149692 98842505 1.250484551 56798 12
12321220 98840305 1.251211876 56130 12
12325218 98822966 1.238983372 57164 12
12803147 98830575 1.248206022 55876 12
12835303 98857930 1.272048983 54564 12
12978528 98821668 1.291919512 56122 13
13204334 98799716 1.254569540 53076 13
22685236 98829907 1.458019698 55395 22
26175590 98853545 1.755756486 56855 26
26210031 98857885 1.757534610 57463 26
28117451 98852249 1.711259770 56858 28
29702511 98847581 1.743262999 63432 30
30524281 98873725 1.813392642 59169 30
30754484 98857068 1.740030894 57066 31
32659036 98849835 1.825957638 61124 33
32888668 98843444 1.851149869 57486 33
34616163 98825033 1.898564341 60348 35
36379178 98822880 1.755947032 58095 36
36863850 98931952 1.919459587 60743 37
37144479 98854044 1.871705372 56656 37
37188826 98811522 1.832650357 58088 37
37235643 98839068 1.884341540 55126 37
37325212 98932705 1.879298480 58098 37
38175453 98856065 1.855423750 56951 38
39496476 98916214 2.292355166 57523 39
40901492 98838176 1.891337604 57187 41
