7895088 98836392 1.051939976 57232 7
10613673 98905814 1.209158531 55363 10
11158193 98812096 1.156120261 55428 11
11177653 98841350 1.218917703 58998 11
11745520 98804209 1.159906288 56770 11
11903531 98802407 1.224737539 57892 12
11949482 98816851 1.159633217 56459 12
13037261 98919055 1.270184852 58142 13
13295433 98888008 1.220669750 55133 13
13581480 98863333 1.227942623 54185 13
13614354 98876513 1.301830610 56025 13
14438088 98745153 1.272872881 56780 14
14523711 98839832 1.316546435 57940 14
14636502 98855883 1.316636807 59117 14
15950283 98891349 1.343498547 57975 16
18499119 98891658 1.382493441 58523 18
19230622 98931285 1.413510221 57543 19
19563343 98946117 1.462688690 58007 19
21273584 98930771 1.465533086 61048 21
24125568 98916006 1.514264273 57096 24
25183089 98933843 1.515908243 57342 25
26046817 98866647 1.666481035 59734 26
27878565 98895216 1.584243773 57397 28
31090399 98852516 1.813202884 57090 31
31524797 98909665 1.712483707 59541 31
35302524 98840055 1.811687748 58333 35
36695025 98952325 1.809286477 58976 37
37776558 98971797 1.907663868 56099 38
44890855 98916299 1.961719381 58195 45
48690618 98991913 2.020445822 62007 49
