646820 98705985 0.752260608 54056 0
721788 98627563 0.747334765 54927 0
740495 98730841 0.777183227 53254 0
1242296 98680203 0.774860523 53560 1
1425524 98671833 0.773181673 53592 1
1434505 98697804 0.774662328 53865 1
1501792 98658879 0.791297557 54194 1
1521191 98715638 0.785723678 51719 1
2845837 98708582 0.861869406 51758 2
6056456 98663706 0.978584567 55082 6
14736146 98766991 1.357080285 56090 14
15410435 98724152 1.368074565 54777 15
17437274 98750183 1.586313569 59085 17
17701617 98752994 1.404557618 55745 17
17714803 98734319 1.440567939 60860 17
17767859 98794496 1.466801812 59333 17
17893198 98745121 1.424896731 53946 18
18181436 98741443 1.417520113 55215 18
18341901 98766504 1.474288843 61312 18
19454159 98797772 1.569197048 56869 19
19872098 98770681 1.391325272 55863 20
20196379 98773055 1.416587871 54792 20
21025655 98813763 1.519699460 59240 21
22087691 98788409 1.622740134 56038 22
23066226 98732576 1.436079945 55986 23
23167578 98755361 1.473612321 56432 23
23772390 98761718 1.582749807 59782 24
25842682 98876203 1.710345795 56716 26
26081801 98885836 1.604950078 57363 26
28339663 98989252 1.647299369 55932 28
