61769082 99021466 2.631951776 59759 62
61823408 98988701 2.130198955 60988 62
61832671 98979433 2.140440391 58679 62
61839114 98950304 2.152745727 60654 62
61847406 98984249 2.142032614 60702 62
61906480 98997982 2.138326371 59661 62
61914161 98979787 2.120646238 61648 62
61917501 98941831 2.131808727 61413 62
61918919 98958030 2.167608228 61872 62
61921873 98961632 2.125150615 58191 62
61923274 98952194 2.122468990 58837 62
61931258 98998353 2.120455326 66651 62
61934083 98995255 2.132921286 58601 62
61940159 99005205 2.141540065 60115 62
61989229 99007978 2.135579851 59560 62
61989714 98987427 2.153766708 62548 62
61993295 99003308 2.138967174 62285 62
61997166 99001075 2.147924463 58686 62
62006693 98993142 2.148711313 59535 62
62031528 98994197 2.134357832 61447 62
62040981 98999184 2.389598827 60270 62
62043788 98998117 2.135023213 58296 62
62059005 98956163 2.206519305 61651 62
62125374 98975334 2.142108843 60735 62
62131862 98984394 2.145652067 60571 62
62290816 98994626 2.140709670 60971 62
62405137 98929139 2.131225257 61325 63
62499384 99004640 2.134410857 61735 63
62573822 99017833 2.175500820 61839 63
62609237 99063122 2.148301546 58261 63
