3311295 98698364 0.864316208 54092 3
4231874 98757147 0.917529865 53968 4
6280014 98716144 0.986320534 56965 6
6754693 98717302 1.012920460 55803 6
6865710 98737865 1.024190648 54658 6
7123241 98672862 1.097369980 58276 7
7257080 98739639 1.014929833 55969 7
7337992 98721727 1.024287186 56156 7
7455588 98746541 1.031980863 57202 7
8130992 98735603 1.066816453 54741 8
8298405 98746632 1.107979645 55502 8
8547880 98758166 1.075234957 57688 8
9845681 98746854 1.112809227 53751 9
11312099 98742572 1.206598005 54885 11
11952040 98721693 1.250707888 56192 12
12161077 98742112 1.253476970 59304 12
14364573 98759429 1.267302661 54116 14
15767143 98793754 1.363836750 53407 15
18195873 98764534 1.412687159 58782 18
18897728 98744193 1.443135497 59112 19
19283280 98777017 1.519574906 56488 19
19575003 98731986 1.495300264 57766 19
20941431 98776546 1.515889606 57249 21
21418076 98788732 1.605928961 58450 21
22189671 98769429 1.681274237 57914 22
22601815 98769878 1.614140380 58032 22
25275132 98769714 1.579514863 58840 25
25726798 98851527 1.780995089 59153 26
28064585 98802921 1.803515862 59033 28
28414886 98835650 1.859201417 55757 28
