12103891 98752956 1.082078856 57523 12
13662529 98748951 1.107332315 54516 13
13852985 98814635 1.139049368 55592 14
15114233 98824383 1.261258520 58565 15
15693684 98809353 1.189790245 58274 15
16554182 98864821 1.198128040 57920 16
17362431 98768610 1.192630582 57301 17
18385228 98823737 1.263201516 60858 18
24808044 98816054 1.302373317 56031 25
28782320 98778318 1.325858652 57789 29
28810863 98751255 1.340769548 58881 29
29220018 98826910 1.333524239 58471 29
30247851 98847384 1.430430886 61656 30
30375548 98810112 1.317765965 60336 30
30433979 98810635 1.428079600 61352 30
30555577 98816646 1.438532084 56545 30
31496976 98811539 1.425948440 58781 31
31778841 98831224 1.451083552 62081 32
31791681 98787722 1.411512366 58921 32
31869140 98764112 1.338105319 60870 32
31891473 98829665 1.331038548 58900 32
31962876 98781712 1.342530677 59270 32
32219771 98817147 1.458230421 58386 32
32348864 98806245 1.487082679 55734 32
33728281 98857867 1.458584033 56279 34
34126216 98766742 1.442812076 58932 34
34564476 98763448 1.613918796 61853 34
34631399 98836995 1.484619423 60339 35
36124866 98897561 1.521924863 57111 36
36431834 98855681 1.590123443 57015 36
