33913300 98920035 1.807832142 55348 34
34196810 98968938 1.820873941 58404 34
34227936 98968229 1.828661272 62036 34
34356285 98988761 1.831987931 57501 34
34489903 98931763 1.837130589 57143 34
34631031 98991107 1.846199840 61698 34
34637609 98953657 1.840540978 58409 35
34655788 98877094 1.829404738 59358 35
34703892 98996070 1.863849446 59476 35
34853161 98999754 1.844295191 60085 35
35315051 99004094 1.851157802 60836 35
35362067 99007913 1.855051977 61192 35
35519281 98976691 1.866146872 59539 35
35868838 98914916 1.844202758 59235 36
36077081 99004672 1.848411806 59234 36
36622227 98927836 1.873660379 58454 37
36897386 98965895 1.855073382 59061 37
36926749 99044240 1.885163801 58944 37
37541327 98987473 1.886972606 59468 37
38607490 99029830 1.888951403 63152 38
38651606 98905297 1.915001794 60429 39
39971181 99050372 1.925495742 60628 40
40303556 98999273 1.935239142 60294 40
41551341 99105375 1.972820760 60661 41
43513064 99072278 1.977564138 62086 43
44445398 99164650 2.038186358 60892 44
44912452 99144294 2.016746427 64380 45
46229226 99057219 2.000111034 59516 46
48278679 99168865 2.043308872 62753 48
55101348 99251640 2.232565831 61271 55
