11133100 98813293 1.275319460 55411 11
12478349 98878694 1.261009868 56199 12
12758234 98801063 1.284543926 58205 12
12794759 98853444 1.255625468 55585 12
13553320 98794876 1.291293475 59023 13
14215735 98846242 1.318601629 55112 14
14511901 98853801 1.303896348 54994 14
14681968 98815514 1.282603675 57540 14
14706360 98871512 1.320382239 57427 14
14968057 98848887 1.251183393 58264 15
15367125 98897492 1.330210399 59006 15
15447082 98835002 1.341286824 56131 15
16363586 98819425 1.352155062 58716 16
16926000 98856595 1.373872639 57483 17
17432562 98914644 1.409555815 57524 17
18547431 98865798 1.404510186 59358 18
28339402 98867121 1.602300311 59921 28
37350365 98968589 1.889380201 57878 37
40876502 98946178 1.918375223 56883 41
40905184 98876546 1.932796198 61464 41
40926037 98961817 1.888762286 60828 41
41006206 99071464 1.892107092 61925 41
41334387 98875455 1.897735501 63285 41
41692588 98890812 1.920872012 60818 42
43526583 98949298 1.975151697 58782 43
46597722 98996140 1.946582899 58951 47
46614359 98914858 1.975016758 58241 47
48798638 98880429 2.000071694 61645 49
49394521 98966645 2.039136001 61808 49
50675354 98966521 2.026541444 63654 51
