15179708 98798013 1.311831682 55415 15
15691610 98794756 1.269252217 54279 15
17050989 98778802 1.442634242 55708 17
17178338 98783489 1.296230193 56333 17
17456222 98789567 1.299283119 56559 17
17456489 98751053 1.310524186 56429 17
17646358 98784915 1.319337653 58002 17
18134172 98808874 1.313957399 56081 18
25967543 98927008 1.533549604 59031 26
28706896 98992063 1.585599844 56003 28
47255481 99257107 2.059567113 57385 47
47387299 99219617 1.997630985 62578 47
47779741 99140518 2.073964990 62990 48
48101884 99316098 2.157293448 63527 48
48165580 99236460 2.181936247 56251 48
48402777 99216637 2.160266897 60452 48
48523896 99229634 2.095683348 64314 48
48615372 99273186 2.207049360 65763 48
48768615 99255016 2.375373058 64022 49
48958176 99323811 2.278147178 64702 49
48962723 99359666 2.155326432 62513 49
49968507 99361452 2.392565266 61781 50
50007154 99372773 2.330346077 60987 50
50095691 99301540 2.147087898 60390 50
50165146 99365306 2.432391862 57641 50
50630444 99433820 2.298089811 54920 50
50784262 99376281 2.342756507 63385 51
50872720 99391777 2.452914866 63602 51
52591711 99359923 2.307643822 63718 52
53819405 99380267 2.459072755 62390 54
