5056463 98722798 0.939662744 55268 5
5545893 98732564 0.965036873 54978 5
5555111 98702852 0.964451634 53476 5
7298975 98743388 1.043960315 55575 7
7449622 98712089 1.039413778 52229 7
7794761 98782392 1.047682460 53295 7
8447781 98756866 1.064907087 53562 8
9551046 98774753 1.168657403 55623 9
10040231 98753831 1.120070196 57423 10
12121104 98803835 1.210438455 55993 12
13553589 98751401 1.233971537 54599 13
14105117 98761566 1.295872492 52357 14
14630253 98801090 1.269569701 57046 14
15518899 98713276 1.320837429 54855 15
15555261 98736218 1.306397321 53990 15
17896606 98846493 1.479161835 55673 18
19202311 98837970 1.486331029 55099 19
20650766 98772602 1.426199932 57058 20
20711426 98759657 1.415838461 54462 20
20807143 98871460 1.456050011 58571 21
21183960 98779914 1.474412036 54214 21
22335827 98789946 1.558038131 57565 22
23246813 98803787 1.624330161 54116 23
24916615 98833958 1.615889546 54613 25
25078904 98743421 1.588043136 60432 25
27827276 98839055 1.634140983 56107 28
29844095 98833567 1.758139578 55462 30
31802361 98801375 1.818401288 55813 32
34387852 98939577 1.854836016 57883 34
34668360 98949780 1.835372782 58295 35
