29245685 98864972 1.698097107 59730 29
29494961 98926342 1.729614242 61372 29
30330943 98844175 1.712523898 57769 30
30402289 98846524 1.715092449 57951 30
30736239 98888121 1.727282252 57791 31
30881021 98856095 1.721503294 60173 31
30885593 98915225 1.738372572 59929 31
30894534 98867335 1.757029904 60716 31
31198064 98914604 1.731378266 60759 31
31228217 98886821 1.726286855 59647 31
31233306 98846999 1.738045935 57662 31
31274810 98853070 1.735370567 61972 31
31294049 98955159 1.749987509 61287 31
31401833 98871320 1.738562512 61327 31
31433915 98902437 1.747332836 58944 31
31491930 98945201 1.735310695 59569 31
31622436 98901512 1.753344731 57066 31
31700560 98980754 1.752136798 59169 32
31720599 98931936 1.742540192 57748 32
31856004 98900631 1.750607380 59563 32
31964169 98927381 1.756336324 59283 32
32159635 98946124 1.754911026 57411 32
32186471 98926365 1.760284013 60122 32
32198481 98943111 1.761591678 56905 32
32235633 98899187 1.773631910 58371 32
32279963 98900487 1.752458728 58652 32
32420084 98901253 1.757046376 59038 32
32731066 98947834 1.786693381 58698 33
32830810 98994397 1.818574152 58140 33
33138428 98887490 1.777459346 59585 33
