13371810 98790755 1.281477064 57679 13
15004755 98817491 1.317152346 58350 15
15218124 98899306 1.347400469 56968 15
15585126 98889664 1.333513635 57611 15
15769675 98839402 1.340040622 58924 15
16541837 98818714 1.362693692 58703 16
16581685 98887871 1.371970731 57193 16
17235915 98880405 1.399642244 57629 17
17282596 98913378 1.388510596 56619 17
17487759 98838134 1.394133692 58814 17
17714869 98856055 1.405402793 59527 17
18998263 98888995 1.444182622 56146 19
19031942 98837561 1.430920440 56981 19
19630827 98927012 1.449577883 59067 19
20092909 98833286 1.452446983 55768 20
26665696 98959005 1.626959119 58090 26
26690199 98967834 1.630149039 56755 26
45994001 98946758 1.971442176 59685 46
47854804 98922279 2.116109391 60217 48
48018639 98891764 2.005577318 59180 48
48309621 98924689 2.050398194 56244 48
48759255 98911850 2.044737821 61564 49
48837272 98957633 1.969242208 59377 49
49628111 98891788 2.005492828 56679 50
49765671 98987179 1.971046319 57908 50
49932347 98897049 2.023415901 61431 50
49996051 98861832 2.016861103 60950 50
50369830 98942315 2.006250916 59846 50
52022452 98888856 1.998769801 61196 52
62354713 99176689 2.276058134 61752 62
