40408586 98934450 1.911904666 58382 40
41245113 98900520 1.923368439 61341 41
41384921 98952085 1.925363450 61276 41
41414920 98945618 1.925864305 58897 41
41419119 98948756 1.934083708 61942 41
41426364 98884035 1.924381982 61873 41
41572461 98917031 1.927037621 61696 42
41637373 98904249 1.933309215 58290 42
41723978 98908664 1.919039802 59355 42
41753734 98881826 1.915710384 60380 42
41782132 98932644 1.921552642 59781 42
41828524 98961090 1.925076553 59630 42
41890100 98982628 1.923215749 61413 42
41901313 98966001 1.927940634 59754 42
41902976 98927027 1.931990579 59940 42
41912461 98878873 1.924016588 58900 42
41929618 98922872 1.924249846 60000 42
41932735 98946873 1.933660587 60361 42
41962372 98970416 1.935202515 61708 42
41983530 98971108 1.964614359 59900 42
41985892 98923041 1.928849734 60601 42
42025391 98892674 1.913192837 61550 42
42052426 98899868 2.054689304 57084 42
42071398 98934515 1.929786912 60222 42
42125346 98942094 1.941843372 59409 42
42142657 98945961 1.936503092 57597 42
42192445 98959050 1.931155956 62095 42
42262357 98950132 1.943564273 58271 42
42353523 99000669 1.930719753 61419 42
42473345 98981776 1.928863744 61187 42
