47620970 98980688 1.978763322 62891 48
47626191 98974697 1.992413295 58640 48
47646536 98997741 1.988804302 60660 48
47679449 99001256 1.985434520 58611 48
47685681 98969519 1.995384237 58278 48
47698249 98968043 1.985595766 58665 48
47784532 98961406 1.994565974 59012 48
47846737 98980329 1.990834512 59939 48
47863044 99016354 1.994636299 59109 48
47880768 98993912 1.997536819 61236 48
47935140 99013963 2.009583366 59606 48
47949443 98989098 2.077481478 60420 48
48319137 99013489 2.010892356 63639 48
48367073 98967366 1.995400207 61569 48
48385267 99026161 1.994316752 61438 48
48610553 99045323 2.007250974 60956 49
48692928 98996276 2.009135431 59701 49
48721706 99048643 1.994305372 63613 49
49685752 99036287 2.033466987 58265 50
49875589 99016852 2.024845679 59938 50
50122047 99035110 2.026861180 59257 50
50625830 99038537 2.031020231 58268 51
50646845 99015316 2.034030800 59989 51
51847984 99082661 2.042961283 61821 52
53254684 99071811 2.099918910 60556 53
54122486 99085842 2.105257450 61622 54
54914829 99090056 2.207420988 60653 55
55766433 99135631 2.096390364 60250 56
57750776 99072465 2.134326601 61968 58
58471252 99195818 2.199292868 58946 58
