2958614 98708662 0.856451864 54063 2
8295659 98699336 1.070281617 56305 8
10645489 98779810 1.145871832 55463 10
11819710 98756873 1.308703937 56494 11
12039068 98741431 1.249142761 56301 12
12558972 98714394 1.218749771 55999 12
13817158 98827411 1.264061991 54162 13
15609506 98757564 1.368154010 55710 15
15765709 98761897 1.369750602 58177 15
16248776 98766784 1.296455643 58133 16
21676476 98796045 1.504952908 53354 21
24117033 98776373 1.570223652 56489 24
24680147 98791796 1.718451310 60597 24
24762952 98766838 1.534705014 56327 25
25979766 98761850 1.518921940 52649 26
26250844 98808279 1.631832011 56091 26
26430445 98747451 1.597848068 58827 26
26468519 98759136 1.505544758 58480 26
26758391 98802130 1.557442893 56431 27
27976523 98794848 1.732973084 57956 28
28049837 98811721 1.671953060 58759 28
28967768 98801127 1.668451560 55639 29
29025142 98817814 1.657061933 57275 29
29725251 98742280 1.597384122 60733 30
32951350 98789178 1.816237789 56424 33
33031860 98822859 1.794482336 58446 33
33039080 98898516 1.819236960 58598 33
33182108 98801302 1.736055268 58293 33
33377580 98865256 1.864293651 62357 33
37934987 98960751 1.902341598 56146 38
