37771763 98940166 1.879265117 61766 38
37847169 98923923 1.865389214 61529 38
37858369 98930839 1.895141666 59447 38
37899094 98912951 1.881406178 62966 38
37939306 98959731 1.886225043 59032 38
38111884 98914783 1.876001068 61764 38
38125535 98943594 1.945555403 59806 38
38162459 98956306 1.882129953 61373 38
38172581 98910820 1.889245885 60053 38
38215083 98891636 1.876760444 60913 38
38315984 98877019 1.883957962 60000 38
38317633 98891015 1.875140839 61142 38
38343748 98893128 1.897801709 60756 38
38361339 98951070 1.892487084 59672 38
38375475 98939090 1.889736271 58863 38
38380781 98920752 1.900939878 64710 38
38451153 98928047 1.889246088 60886 38
38543430 98926699 1.890667785 60665 38
38552649 98944133 1.895890973 62562 38
38560682 98937682 1.959526780 59784 38
38601758 98899565 1.895634535 59622 39
38603746 98918986 1.889176927 58014 39
38614182 98957702 1.898285081 60062 39
38680249 98960354 1.884018846 61378 39
38685979 98915968 1.901455858 61650 39
38694441 98888501 1.894165470 59867 39
38719132 98932446 1.889747325 57174 39
38885679 98951307 1.900638342 58009 39
38890474 98913880 1.918061160 60173 39
39471509 98961133 1.917310266 59176 39
