22193539 98896726 1.514909009 62211 22
22199581 98877690 1.520883125 58348 22
22571709 98848842 1.528255598 58190 22
22665963 98877163 1.533419119 57129 22
23064706 98916737 1.533677026 57670 23
23295694 98848046 1.535101859 59136 23
23305473 98910365 1.536427879 57458 23
23567235 98874126 1.542400902 58907 23
23658777 98877595 1.542778387 58657 23
23962507 98864572 1.551957667 57780 24
24087224 98912883 1.544745507 58512 24
24094778 98866558 1.543604039 58864 24
24270139 98858933 1.555275122 57077 24
24359198 98913554 1.562545603 58366 24
24438032 98877519 1.564281350 59526 24
24651243 98867061 1.571222724 58360 24
24814753 98881025 1.580359123 58673 25
24830769 98892884 1.580133086 59807 25
25089330 98882264 1.586889625 59251 25
25268214 98926617 1.590163431 57224 25
25671135 98856562 1.591507362 55430 25
25717763 98887381 1.593621598 59453 26
25806078 98853268 1.587786520 57304 26
25815166 98912587 1.605432809 56726 26
25969984 98883056 1.871198178 61204 26
25976547 98931239 1.825561863 56522 26
26236188 98917092 1.599920846 55388 26
26489584 98935140 1.642122913 61577 26
26514451 98856785 1.621871263 57442 26
26657745 98901718 1.633157556 58890 26
