9847722 98769318 1.102679407 56328 9
10144262 98745615 1.140854951 57326 10
11043137 98773224 1.180255119 55534 11
11860999 98775519 1.212850036 55564 12
11977696 98758150 1.213059365 57840 12
12870586 98780488 1.234498161 59606 13
12939248 98748293 1.214939862 56549 13
13326157 98831378 1.261162150 55196 13
13471539 98788149 1.263758100 56745 13
14011890 98779117 1.277997632 55025 14
14223032 98765018 1.274670955 55869 14
14232823 98780043 1.270234140 57030 14
14396775 98784161 1.282532996 55498 14
14637516 98786215 1.289278871 58631 14
14983454 98762591 1.495414004 60228 15
15666395 98802692 1.317031639 56459 15
35477736 98807575 1.706981628 56669 35
35840253 98778420 1.641583087 55978 36
37099679 98827256 1.707828006 57930 37
37458266 98826663 1.707226864 56925 37
37777095 98810336 1.714739220 58946 38
38406746 98829571 1.710815776 57413 38
38528229 98798178 1.713743708 59315 38
38944521 98812189 1.735372542 56687 39
38966420 98779258 1.661115643 55525 39
38997040 98824351 1.847949553 56863 39
39897433 98819229 1.859608145 60704 40
40078413 98818288 1.722798053 59849 40
40723625 98850222 1.730598094 56468 41
40905576 98823737 1.716434262 62715 41
