14626191 98724483 1.252147329 57571 14
15163409 98706894 1.261635159 58345 15
15452186 98731679 1.280668010 59201 15
15566390 98773073 1.395963720 57013 15
15725944 98772054 1.289090014 56589 15
15962631 98760559 1.271301203 58235 16
15968315 98741001 1.296555700 56290 16
15976852 98695266 1.271573874 54911 16
16306429 98774519 1.304257480 61175 16
16307333 98782217 1.297719784 54718 16
16395351 98768880 1.298413647 57727 16
16521670 98796677 1.303829098 58252 16
16558976 98750222 1.302094231 55740 16
16572347 98757492 1.310231412 56144 16
17268993 98723821 1.310294998 57345 17
17658651 98773042 1.326127846 56637 17
17783349 98769218 1.324125989 56993 18
18128341 98776334 1.329798571 58626 18
18152509 98760455 1.334703734 57044 18
19448386 98817406 1.368829184 57125 19
20234796 98757721 1.413947688 57921 20
21938354 98863818 1.454280723 57867 22
22038586 98860455 1.429096043 58874 22
22576735 98845662 1.446944112 54930 22
24617555 98833065 1.473126252 58976 24
25635111 98935299 1.831173670 58909 25
26380273 98888691 1.618873997 58819 26
26786303 98865987 1.553284185 56582 27
33936685 98988514 1.775813164 58771 34
38277160 98990438 1.909720959 58299 38
