5914776 98728701 0.974506251 56271 5
7394270 98735346 1.032110228 57805 7
8336428 98679974 1.085873405 57325 8
8484383 98804097 1.088208473 55968 8
8577175 98766998 1.067610939 54829 8
9051021 98822145 1.079677563 56040 9
9114409 98796945 1.097961757 56499 9
10070916 98864104 1.203402540 58900 10
10331242 98816635 1.167384347 54842 10
10349057 98769487 1.157957673 57498 10
10555535 98842119 1.135036089 56247 10
12541665 98803414 1.265773750 56554 12
13471170 98790802 1.226438013 58126 13
13547281 98860558 1.230143583 55048 13
13679733 98757636 1.216575663 57467 13
14126014 98806700 1.330687359 59167 14
19554367 98831336 1.472961737 59422 19
20115378 98825558 1.444487632 60111 20
20392202 98838251 1.456403114 57392 20
20565133 98865362 1.636580844 60444 20
20694651 98896106 1.461929912 55905 20
27501960 98780272 1.575968640 57108 27
29153026 98787310 1.717724053 59333 29
29179334 98767873 1.690566398 56522 29
31581061 98876016 1.685407732 55521 31
31836362 98846447 1.796831959 59158 32
34237794 98942318 1.775604864 58617 34
34632325 98814122 1.796499861 58445 35
36463187 98818319 1.797204605 56278 36
38079254 98811952 1.824841878 55773 38
