9203259 98735393 1.012141287 56369 9
12514899 98847609 1.195173553 56629 12
12791870 98857097 1.163880481 54831 12
19270830 98764092 1.247797465 54592 19
19781944 98775753 1.263473009 58425 20
20689189 98801041 1.273823674 56671 20
22197692 98746331 1.179468915 57668 22
22665240 98772674 1.119344369 58053 22
22850482 98776246 1.181907338 56562 23
22941293 98775727 1.245753525 58372 23
23131306 98777943 1.319261039 55225 23
23213832 98768757 1.148235467 56717 23
23309136 98774489 1.245227219 56918 23
23356529 98763237 1.372859551 58477 23
23447347 98848807 1.299598577 56236 23
23480022 98800864 1.209789176 57353 23
23785363 98795383 1.336785194 57080 24
23875027 98773191 1.321440042 58984 24
25082833 98856145 1.341367376 59232 25
25243849 98863297 1.346569414 60815 25
26716426 98848269 1.529656417 57905 27
27401684 98802076 1.436856709 58686 27
27431984 98771865 1.370522080 57206 27
27447871 98858598 1.491015830 57300 27
28843838 98836688 1.525252513 62127 29
30035601 98839666 1.542600821 56430 30
31560918 98821095 1.687599517 60038 31
31927107 98825770 1.575115941 55640 32
32038410 98840669 1.439481187 56653 32
32669256 98805174 1.531955762 61214 33
