7096050 98758942 0.956179153 56486 7
7420393 98824654 1.003990003 55761 7
7467979 98806786 1.012089375 56047 7
7627856 98720098 0.995442815 55401 7
8305448 98781191 0.977186337 54467 8
8593889 98774413 1.049121248 56614 8
9152388 98778249 1.047425900 56197 9
9209778 98791176 1.032032297 58150 9
9444611 98763073 1.079549558 54441 9
11051949 98798518 1.108954870 56619 11
12008603 98807099 1.158330533 55275 12
13907516 98721020 1.115174777 56346 14
14956103 98784684 1.074583821 52896 15
15036740 98774031 1.117308316 57969 15
16284125 98749048 1.134266970 57539 16
17064647 98790221 1.239494531 55674 17
17546064 98883112 1.328163454 56109 17
17807927 98810733 1.348731006 57840 18
17882139 98846300 1.325472936 55613 18
19999731 98822289 1.352598228 58090 20
20211923 98793858 1.310244754 55715 20
21237537 98804026 1.407822321 56452 21
22952717 98790523 1.488680574 58505 23
23532158 98825520 1.473916178 58399 23
25396950 98777218 1.480135495 58281 25
25511403 98792972 1.528211061 58544 25
26721399 98863187 1.588450652 59895 27
28176305 98880234 1.538360678 55863 28
28373209 98981742 1.599740608 57211 28
28987144 98820892 1.603255370 61450 29
