26083102 98856881 1.620719974 61473 26
26373995 98872588 1.630218817 60105 26
26555063 98839967 1.647817918 57977 26
27009866 98858306 1.650637596 59993 27
27223685 98851511 1.666927594 60340 27
27337750 98891190 1.643420723 59406 27
27345723 98879923 1.637867972 56434 27
27419978 98875995 1.654851502 58161 27
27494124 98876851 1.658464529 55824 27
27684405 98927968 1.667867621 56263 27
27778696 98905675 1.661274086 59847 28
27789049 98865759 1.658386728 57640 28
27932353 98865556 1.661436233 58429 28
28104831 98864717 1.664621150 59041 28
28198564 98893570 1.661043667 59079 28
28236898 98840791 1.669290358 57856 28
28402241 98886848 1.670122353 56856 28
28549347 98902163 1.681285205 58876 28
28588747 98895095 1.676433953 57869 28
28770261 98931384 1.723298745 57540 29
28912336 98904204 1.687004001 60180 29
29038711 98871137 1.688975563 57788 29
29088842 98885425 1.696509647 57592 29
29311263 98832642 1.682543360 56625 29
29319325 98850180 1.688311169 56871 29
29414021 98913286 1.646239664 57994 29
29474581 98864986 1.688790893 59727 29
29823161 98926112 1.703588014 58929 30
30194415 98858228 1.708896043 59045 30
77047383 98914363 2.147766043 60990 77
