6381597 98722711 0.983842481 55083 6
6523258 98721381 1.004015501 56535 6
8115953 98752540 1.086635620 55900 8
9903929 98758918 1.102273582 57399 10
10100482 98735452 1.110548358 56007 10
13196840 98727427 1.250099869 56063 13
13203752 98748308 1.224111744 57221 13
13960096 98855925 1.225070140 56172 14
16014280 98699334 1.347148756 60734 16
17033521 98757732 1.369265678 57159 17
18423376 98749538 1.314687728 56051 18
19177381 98733159 1.407605137 57084 19
20699726 98782878 1.487603805 56311 20
21628266 98762579 1.521944465 56057 21
22427277 98778176 1.457019470 57319 22
23163117 98770691 1.510321504 57517 23
23463814 98790504 1.467608653 61141 23
24006151 98812593 1.433376085 59388 24
24315476 98787032 1.485285329 56118 24
24696877 98739611 1.507820574 60370 25
25024921 98850950 1.633202330 57902 25
25747475 98820458 1.534860700 60107 26
26051602 98807477 1.503489394 57734 26
26904133 98835924 1.590426030 57494 27
27113450 98815906 1.648965654 56456 27
28766213 98863233 1.712342490 58248 29
29155304 98779079 1.634545136 60175 29
30235291 98830064 1.653786212 58725 30
32121431 98840777 1.825872661 57073 32
32651141 98767504 1.662396211 58425 33
