8560806 98777654 1.061414465 57582 8
10011652 98813632 1.131128767 54223 10
10324661 98747708 1.158909905 55946 10
12458901 98773173 1.246706585 57017 12
15785203 98843307 1.321422980 57601 15
17087899 98846145 1.323859173 53107 17
17484718 98845109 1.373896572 57529 17
17737179 98841479 1.378432959 56035 17
19175643 98811026 1.436039769 55294 19
19841617 98819868 1.443825536 57145 20
21530321 98873987 1.494453392 53535 21
22146371 98896968 1.509566126 59661 22
24279852 98879963 1.536719486 58255 24
26516585 98883461 1.694187013 57978 26
27236385 98876795 1.588694759 58082 27
28461607 98783815 1.657219834 56800 28
28831190 98874410 1.700514010 56978 29
30552715 98834751 1.661898712 57071 30
31194422 98829270 1.674478504 57015 31
31831329 98864930 1.674000697 61638 32
32309435 98911514 1.647678344 57103 32
32366929 98894191 1.694646160 57987 32
36099905 98919953 1.893831694 51007 36
36541531 98889769 1.867553598 57843 36
36942603 98802624 1.775686958 52667 37
37007978 98890928 1.747949416 54783 37
37453806 98896320 1.877304361 56016 37
38178301 98998837 1.865958512 58133 38
41425515 98942020 1.859384654 60106 41
41579868 98943720 1.956936609 60117 42
