14419820 98730919 1.242978019 56274 14
14800846 98789598 1.250876291 55485 14
14817633 98741920 1.244223948 57705 15
15062247 98811380 1.264370669 55586 15
15422637 98738399 1.250924721 56149 15
15426993 98824719 1.267425059 56168 15
15504808 98768182 1.261644705 56124 15
15703395 98734052 1.270325235 57913 15
15878744 98852796 1.309666315 56367 16
15938636 98762873 1.299178978 56291 16
15948300 98830704 1.289260903 55071 16
15988251 98881256 1.288085364 55764 16
16059284 98739006 1.276472950 56947 16
16064505 98786892 1.287067638 54087 16
16106429 98803369 1.277162417 57448 16
16113597 98907369 1.289004910 55324 16
16176884 98753388 1.276769203 55447 16
16312303 98825159 1.297533612 56340 16
16348498 98829684 1.336218332 54947 16
16525532 98802698 1.296541067 56285 16
16777111 98795968 1.332070971 56251 16
16780959 98783204 1.297147252 55355 16
16788406 98773968 1.310998100 55165 16
16798232 98799674 1.306323987 58230 17
16859681 98826883 1.312843009 56527 17
16874198 98804242 1.298587551 57335 17
17104367 98820711 1.301345735 56432 17
17492768 98862573 1.332833626 54693 17
17708470 98806733 1.318867538 56456 17
18303078 98830259 1.363156009 54235 18
