8070449 98687494 0.972945683 54751 8
8512071 98789233 1.011338125 55682 8
9732630 98792222 1.067771122 56019 9
10379166 98820628 1.072993194 54997 10
10638996 98761409 1.059446054 56465 10
10862851 98708760 1.166012595 55213 11
10935763 98781675 1.072154562 55043 11
11918353 98816834 1.175055228 57410 12
11977803 98815104 1.125448663 56984 12
12058863 98796247 1.162469753 59449 12
15684310 98717353 1.087865372 57579 15
16337355 98797227 1.227793006 55933 16
19376848 98759322 1.309710526 60150 19
19716645 98759303 1.329187058 56730 19
21600404 98731486 1.294286191 59882 21
21837680 98815177 1.523765516 56309 22
22805956 98780014 1.417414157 59853 23
25201133 98856851 1.456994642 54606 25
25354692 98828003 1.362213549 57632 25
25521231 98795758 1.502123486 58748 25
26473285 98796636 1.446752000 60824 26
26584305 98808665 1.505074002 61700 26
26752089 98805085 1.445483948 58696 27
26993896 98846120 1.491740784 58543 27
28429287 98796130 1.735565480 59066 28
29890598 98837670 1.622789539 61258 30
30405360 98829756 1.680347986 61598 30
31421642 98783567 1.600293317 58759 31
31622941 98794908 1.529013980 57003 32
35993857 98851032 1.758722936 60981 36
