10503708 98765964 1.152367218 57496 10
10678392 98751494 1.124073054 55557 10
11972582 98745469 1.240681451 57524 12
12225808 98761290 1.231758447 56745 12
12609269 98733926 1.229170518 55670 12
14854052 98762927 1.299939356 57534 15
14861949 98770468 1.303237635 56763 15
14865504 98719877 1.299797094 56032 15
30495426 98787348 1.617989626 55226 30
31517760 98795972 1.479918272 58506 31
31540339 98777854 1.596392566 56273 31
32085282 98767500 1.552691288 59128 32
32999258 98787246 1.659268349 60519 33
33005435 98739071 1.698579245 58059 33
33265882 98743662 1.657991082 61459 33
35346400 98825908 1.740194583 57445 35
35800624 98811504 1.746484919 55589 36
35892424 98804511 1.837839940 57223 36
36726153 98766982 1.651778148 58439 37
37036526 98756382 1.727318013 63980 37
37501343 98743425 1.697918404 57419 37
37738278 98810047 1.734388427 58102 38
38576496 98794827 1.751194045 58224 39
38681381 98790437 1.725428076 56281 39
38868916 98783542 2.037764837 62212 39
39145035 98848356 1.708439379 58283 39
40114085 98806782 1.763504438 57611 40
41089200 98777690 1.789585638 56305 41
42956386 98835985 1.880141360 62096 43
44880192 98815563 1.813847583 62860 45
