9010441 98741710 1.058941490 55037 9
10607701 98798524 1.190776912 53861 10
10918906 98775103 1.171274172 57404 11
11528158 98733060 1.163751416 53597 11
11744315 98761518 1.221904753 53464 11
12121349 98774584 1.232808857 55925 12
12648466 98752365 1.197551491 55015 12
12852578 98794387 1.196516539 54309 13
13237376 98803427 1.256283923 55450 13
13245250 98804052 1.261551153 56341 13
14050263 98793794 1.282182705 56634 14
17587597 98852236 1.361299603 55598 17
19816696 98874983 1.440358831 55435 20
23145423 98876891 1.484781982 57865 23
24537957 98747212 1.511213434 56077 24
27016244 98795582 1.648064790 61135 27
29098885 98761841 1.633259129 58135 29
29473347 98799024 1.590777158 56621 29
30570852 98765186 1.663489269 55697 30
31828315 98949420 1.656041104 56107 32
34197254 98834869 1.729734786 56927 34
34990098 98828860 1.695964312 55950 35
35049714 98836366 1.716669998 57303 35
35458952 98802573 1.700742379 55939 35
36517293 98841023 1.671689259 57611 36
37049118 98817343 1.722385516 59638 37
39866999 98841136 1.816200939 59112 40
40353313 98841240 1.788287781 57336 40
41498556 98843861 2.074106519 57711 41
41890130 98918687 1.852359178 57943 42
