11994021 98731310 1.291360404 56423 12
12197083 98763938 1.192786506 56233 12
12496474 98770536 1.232460877 57259 12
12791675 98789399 1.224520559 57098 12
14980186 98748488 1.295627964 55851 15
16490961 98784355 1.280875376 57014 16
16532847 98842439 1.325803832 58177 16
19765984 98786620 1.409445129 55653 20
21922658 98707736 1.377392588 56844 22
22093414 98767770 1.470843598 59237 22
23732375 98756976 1.445002441 56184 24
25555399 98897719 1.503701633 58684 25
28685965 98882337 1.600609642 57900 29
28806728 98916120 1.638023378 58459 29
28812042 98813907 1.615084566 60854 29
29477508 98824187 1.596638191 58679 29
30596936 98774435 1.611358237 62557 30
31235461 98814019 1.642697997 61789 31
32379841 98744399 1.563528475 58188 32
32745777 98797440 1.631861538 60372 33
33306655 98950861 1.673599286 52352 33
35321514 98807434 1.725396177 54875 35
35613787 98840854 1.752248013 57474 36
37338457 98959273 2.040964468 58914 37
38538286 98836310 1.832755501 60574 38
39319252 98808023 1.754374010 55420 39
40196918 98825659 1.767410475 57031 40
41479478 98919249 1.880735171 59081 41
43594252 98838074 2.131684911 56245 44
44579008 98969328 1.961221434 57981 45
