51104521 98994771 2.037335331 60774 51
51119247 99023234 2.037000979 62170 51
51125131 99002478 2.025950483 62560 51
51148769 98961550 2.037496222 61172 51
51151420 99009015 2.040598995 59698 51
51228579 98975522 2.031244753 62478 51
51248843 99005236 2.022189739 59264 51
51253852 98982351 2.050054770 63223 51
51288255 98971318 2.042421699 63358 51
51341506 98965567 2.028372457 57910 51
51351348 98993872 2.039393297 59128 51
51392266 99001521 2.017315971 61284 51
51401840 99030639 2.035319740 58513 51
51425691 98971240 2.038126334 59003 51
51441537 99006722 2.034917217 60339 51
51445807 98961917 2.025389690 57034 51
51462124 99003449 2.025579045 62013 51
51474425 99002267 2.036083060 60921 51
51515041 99001533 2.040815121 61588 52
51556936 99012140 2.273804138 60634 52
51557502 99001106 2.055707945 59407 52
51567644 99000255 2.065915348 58244 52
51589798 99023427 2.037618950 61113 52
51716352 98991376 2.037669617 59405 52
51723953 98994578 2.060282373 61547 52
51724798 99001973 2.033045478 58778 52
51844914 99022452 2.181405997 57990 52
53469139 99045513 2.052073400 60011 53
57496312 99117439 2.141991195 60325 58
58359591 99104926 2.148016414 60993 58
