2213920 98775933 0.838464736 54086 2
4637741 98742368 0.930065508 55114 4
4712444 98812938 0.942072866 56702 4
5019027 98798490 0.963389559 57560 5
5199367 98743965 0.991397217 53312 5
5373493 98706241 0.958844031 56461 5
5544912 98752022 0.974034275 56370 5
6426853 98757946 1.008938658 54162 6
6774517 98757226 1.020426204 55731 6
7359514 98778697 0.999772823 56570 7
8463756 98827642 1.083503629 57756 8
9060248 98774393 1.081176922 58208 9
9632640 98835401 1.114686890 58514 9
10091237 98793582 1.170398746 58653 10
11161684 98748959 1.215890285 55755 11
13323841 98816396 1.200620270 55767 13
15144782 98882955 1.412474735 60717 15
16516460 98853238 1.407856806 54977 16
18366088 98825524 1.392158682 57617 18
18867808 98768346 1.413074896 58678 19
19154828 98816434 1.553109630 62667 19
19290281 98791920 1.418828556 57618 19
19429611 98805611 1.408316640 56761 19
20108777 98786014 1.516166649 57729 20
20362907 98761931 1.571955947 57871 20
20572290 98761553 1.454764016 57505 20
22423277 98868512 1.472531612 58093 22
22530617 98825714 1.566158953 57133 22
23957422 98818663 1.587401151 57995 24
25925209 98838200 1.513104735 60581 26
