12547038 98712440 1.211176608 54189 12
12823706 98693522 1.225725831 55955 12
13186808 98715535 1.263468007 54114 13
13326230 98803701 1.248186702 56457 13
13345520 98730291 1.248625317 57002 13
14142155 98758671 1.265196014 54168 14
14483187 98742732 1.273916264 53801 14
14672598 98769410 1.284817036 55668 14
14886397 98719848 1.268333933 56699 15
15062458 98772873 1.274889853 54409 15
15107440 98733171 1.274671266 55318 15
15331302 98763394 1.293408096 57038 15
15397644 98763499 1.286391842 55052 15
15417610 98776587 1.299504206 55510 15
15454707 98756147 1.290394187 55396 15
15542151 98767727 1.307552380 57374 15
15565561 98731659 1.288461295 54644 15
15577687 98790088 1.327941961 55155 15
15713906 98719082 1.278379961 54212 15
15794201 98729477 1.301395919 56999 15
15796986 98755070 1.304624582 57989 15
16038003 98785284 1.302299495 55342 16
16229251 98745705 1.312989603 54028 16
16230336 98789538 1.313465060 57687 16
16652611 98768715 1.322124692 55600 16
16910974 98781477 1.315358898 55550 17
17248065 98723795 1.323923626 56618 17
17390576 98775386 1.386517593 55608 17
39141367 98820915 1.644256537 57580 39
39750966 98780943 1.631581705 59216 40
