10220191 98747332 1.140073814 55649 10
12815457 98747647 1.192398027 54622 12
13088239 98791456 1.266237796 57399 13
13092673 98787489 1.257029335 55753 13
13792553 98777597 1.280952421 56847 13
15536096 98724215 1.308605741 57946 15
31416118 98790169 1.618440436 58787 31
31416826 98790050 1.571143686 57348 31
31986192 98788273 1.699257037 56804 32
33880928 98768539 1.655689715 56381 34
35344500 98801949 1.699493123 58520 35
35350401 98799665 1.702569149 54827 35
35510310 98770960 1.692918395 59684 35
35569838 98800166 1.646322300 58097 36
35979246 98787294 1.663884366 59418 36
36299669 98823658 1.713080799 58062 36
36309168 98806033 1.735389084 61822 36
37593992 98814315 1.711128458 59976 38
38038684 98794989 1.733420322 55681 38
38310849 98803072 1.680171366 58352 38
40470460 98821192 1.846197732 57332 40
40918277 98826270 1.737942239 56630 41
41111758 98783314 1.732375690 59387 41
41544190 98791238 1.757717335 62300 42
42186759 98791791 1.766110312 59752 42
42225832 98819227 1.762606088 57144 42
42911006 98842393 1.757789640 57683 43
43165712 98814123 1.801908112 58049 43
44085443 98825614 1.795322194 56819 44
47065409 98820670 1.869154446 57969 47
