10911877 98705084 1.923491501 0
8334135 98689071 1.823152535 0
6725858 98664904 1.737892308 0
8518155 98717550 1.841678502 0
88961156 99090887 4.396334761 0
9364074 98693093 1.877237963 0
6377892 98664469 1.706105321 0
16946212 98753464 2.201832065 0
14182826 98738815 2.101299617 0
7291742 98689510 1.743907870 0
7055900 98678178 1.738383575 0
17716481 98754209 2.260207456 0
7919263 98694580 1.799780817 0
10510479 98686750 1.900134392 0
13730941 98726199 2.032845631 0
20778282 98768063 2.436416622 0
7659967 98670003 1.772124584 0
36192464 98855187 2.820104762 0
16779119 98718043 2.231479947 0
12653636 98732469 2.018115185 0
10578138 98695991 1.921875621 0
13244760 98717627 2.063934759 0
8055484 98681281 1.792295427 0
7209417 98687709 1.761853147 0
15017862 98730620 2.108572009 0
14807002 98721239 2.134812423 0
11248778 98719434 1.984637646 0
7274286 98675917 1.761711365 0
913847 98647739 1.368386564 0
12866927 98705902 2.043476755 0
48903850 98959060 3.436095388 0
90952270 99102601 4.494225772 0
19300661 98718137 2.354354983 0
88384676 99095380 4.382139297 0
17963693 98758184 2.281766541 0
19382168 98749417 2.362153216 0
5772312 98662196 1.679812432 0
15724877 98740425 2.177479862 0
5539796 98664210 1.660014610 0
28178567 98794960 2.617695820 0
13198985 98695160 2.036431734 0
5772501 98677656 1.683059883 0
22911130 98741703 2.575500413 0
3967592 98641803 1.578008066 0
3408111 98655235 1.557396729 0
36334072 98849286 2.886355179 0
4913731 98653965 1.629136660 0
6675099 98670416 1.729750390 0
7165886 98670382 1.742470873 0
19917088 98732979 2.375243888 0
