665578 6495889 0.700670693 93705652
474859 5390875 0.678726252 94773266
364165 4699098 0.674988515 95464197
728366 7150132 0.676494833 93011321
655547 6669057 0.682496783 93496491
334808 4524551 0.672885869 95624968
27833 2368312 0.671454017 97811619
208475 3670733 0.670975388 96481444
515188 5716325 0.698726944 94467465
619036 6439842 0.682135806 93741288
219923 3644665 0.673830933 96519406
627010 6091547 0.680790514 94110449
451093 5455151 0.673152815 94705813
642012 6825820 0.692428048 93328659
321799 4311796 0.677832159 95850873
230539 3742235 0.692960807 96420665
303164 4290244 0.676679760 95866703
550074 6085992 0.674441372 94062318
283774 4180760 0.672249640 95971681
644572 6723301 0.682313621 93439387
911588 8622049 0.679055782 91535321
449646 5441913 0.682530023 94725069
322654 4333159 0.677360163 95823899
512498 5760983 0.673772926 94387809
558905 6191482 0.695054507 93965125
