11142333 98608891 1.224103019 0
7832455 98603198 1.100609376 0
11004653 98624895 1.201419373 0
9804050 98601979 1.161748187 0
7588627 98580056 1.026731308 0
15406264 98628561 1.389542040 0
5827579 98583168 0.964043862 0
17157404 98618580 1.420879636 0
11517874 98606872 1.219089804 0
7078178 98589319 1.004170128 0
14360491 98613715 1.315030378 0
5650697 98582949 0.971621119 0
3442504 98579149 0.868217688 0
11177187 98609091 1.211581115 0
16914502 98628115 1.412198940 0
13350587 98602348 1.271061304 0
11144399 98625701 1.229970694 0
8220483 98586913 1.105060704 0
16627531 98613434 1.369805805 0
11204913 98621850 1.238830996 0
13158633 98613032 1.312916917 0
5398844 98573828 0.951429280 0
3738165 98574357 0.883137833 0
8885882 98595859 1.100151392 0
7887139 98597539 1.139178606 0
10762672 98596378 1.202997003 0
10618723 98597106 1.222681706 0
7748099 98594077 1.074367395 0
20173773 98641285 1.475081465 0
13702981 98611322 1.329755560 0
10672186 98615849 1.189256001 0
3037111 98567504 0.855204468 0
8052088 98592087 1.096937811 0
18566855 98619834 1.414177685 0
15353491 98608680 1.336091294 0
4852772 98584330 0.941240203 0
7263939 98590525 1.044158561 0
7349823 98586453 1.043174396 0
9995930 98612979 1.186753232 0
13356203 98615225 1.300582324 0
16964783 98616630 1.336617786 0
6071453 98584092 0.966319848 0
8095620 98595839 1.122535686 0
13282605 98612246 1.314291715 0
7654655 98593812 1.037421501 0
14188624 98618193 1.317509154 0
5613599 98588741 0.992751797 0
9205408 98601574 1.098968128 0
11888139 98600497 1.221979807 0
13401280 98647006 1.526954404 0
