17860939 98893543 2.253240246 0
18704657 98912623 2.324078133 0
9053529 98698119 1.856082008 0
4909367 98668093 1.645198829 0
13005147 98712390 2.054129013 0
6521518 98691182 1.734954435 0
13518729 98735394 2.086663454 0
7771504 98708284 1.796018254 0
5392246 98674637 1.661021251 0
7001888 98657053 1.748041417 0
15567415 98735385 2.206895701 0
21885002 98752699 2.579095429 0
4992863 98669384 1.655880081 0
20013589 98740868 2.399258826 0
12932627 98732145 2.055159349 0
20186300 98744156 2.418321332 0
14202184 98718435 2.116578620 0
15753918 98740104 2.177761824 0
18078401 98718995 2.228691162 0
6406999 98673502 1.710687888 0
11116586 98704572 1.939165275 0
48500689 98952901 3.299549140 0
16401929 98734913 2.204088506 0
31955832 98875835 2.818115338 0
12627556 98724793 2.041025454 0
6509738 98682382 1.734508674 0
25360945 98776490 2.513088494 0
50237143 98902225 3.370931423 0
4601339 98681289 1.628370889 0
18018601 98749976 2.280822644 0
14838944 98757504 2.094836610 0
14184592 98744819 2.120615152 0
64630553 99012086 3.769594746 0
44485130 98901943 3.125180350 0
48241230 98963669 3.440399387 0
10389988 98702624 1.941423706 0
91281028 99117147 4.508390963 0
15545676 98735899 2.129372725 0
27539671 98792529 2.727892069 0
15998156 98728050 2.183927266 0
8930225 98688672 1.853132952 0
3727805 98668254 1.581117754 0
4321191 98672234 1.611365675 0
13647082 98724322 2.042113761 0
17762285 98717754 2.255557311 0
5186081 98670055 1.657510251 0
78133987 99070888 4.168060732 0
4324879 98667068 1.620130324 0
7059505 98707600 1.745715609 0
7546622 98701769 1.762157049 0
