5957907 98593614 0.998212420 0
13349906 98634545 1.306203071 0
9249071 98607163 1.158292637 0
3302085 98579925 0.859630780 0
3430048 98571481 0.863680132 0
13889889 98617499 1.285629698 0
11387704 98616467 1.251456428 0
7070364 98602100 1.045062269 0
15879526 98629589 1.384974041 0
4827991 98583049 0.914363276 0
10634584 98609387 1.220601055 0
20004969 98661789 1.484709387 0
4465323 98590469 0.906505729 0
18084289 98628927 1.443230860 0
18781313 98637453 1.457372654 0
13206000 98615980 1.250019834 0
5210668 98588772 0.934752822 0
15979600 98619529 1.352968308 0
6200672 98583295 0.964561679 0
11637565 98615288 1.257174664 0
4342633 98576433 0.890444284 0
13262135 98621676 1.300607359 0
14601202 98640911 1.326378482 0
11283056 98623511 1.233040510 0
9337726 98617261 1.178241738 0
11972432 98635058 1.292325374 0
17472035 98630339 1.408626354 0
5675574 98590607 0.965527749 0
18098971 98649869 1.405397206 0
12461562 98621554 1.277282049 0
6149706 98600882 0.978158238 0
15122656 98623155 1.312426479 0
11684709 98615997 1.192595259 0
12095682 98623277 1.251180708 0
8928595 98597537 1.103050576 0
15363655 98644797 1.413546107 0
3561290 98581994 0.864882286 0
19296942 98640764 1.432335133 0
9927997 98622368 1.228481636 0
9524188 98610354 1.139337208 0
13233724 98639984 1.313555747 0
13643218 98626679 1.322056727 0
5403079 98583434 0.930107484 0
15812661 98628920 1.373199283 0
11167975 98609104 1.173313954 0
9866492 98618182 1.145247586 0
6338602 98587374 0.980551334 0
14372765 98615760 1.275971663 0
10490679 98619360 1.188570156 0
10456548 98632491 1.406282702 0
