6056 55222401 0.666940002 0 0
7574 96915658 0.693827213 0 0
10019 98557975 0.690466952 0 0
15462 98551814 0.693544730 0 0
40394 98548168 0.699357831 0 0
3458256 98604071 0.873556268 0 3
823099 98599178 0.737588052 0 0
10908040 98684524 1.128585924 0 11
16402466 98626508 1.201186431 0 16
4873377 98649597 0.854615809 0 4
20326478 98709752 1.384114947 0 20
36438763 98811346 1.792236872 0 36
21307063 98747430 1.447259240 0 21
24711979 98740534 1.514019166 0 25
29845541 98765877 1.616228757 0 30
34911275 98782002 1.767305559 0 35
38367744 98837120 1.802845113 0 38
41901202 98830084 1.871637455 0 42
44929058 98827295 1.874739674 0 45
48000802 98816553 1.955702140 0 48
50237400 98873276 1.926238875 0 50
52993008 98846808 1.950183966 0 53
54940328 98880178 1.963145584 0 55
57146714 98898608 1.979500867 0 57
58802422 98901919 1.951528222 0 59
60678341 98938269 1.992268877 0 61
98352201 99030025 2.072934966 0 99
64352318 98871043 1.995949724 0 65
98339694 98949448 2.065482321 0 99
66576743 98886651 2.024994915 0 67
67985184 98920565 2.028360915 0 68
68826035 98866882 1.999333011 0 69
69753875 98884407 2.041205834 0 70
71315104 98991430 2.030481508 0 72
72115500 98916286 2.046200969 0 72
72845104 98989544 2.023617729 0 73
73322399 98910256 2.009545046 0 74
74373157 98967625 2.017560926 0 75
75375032 99050926 2.000758334 0 76
76096286 98991178 2.016734014 0 76
76569385 98967787 2.017757491 0 77
77430391 99007422 2.023943442 0 78
77855728 98954912 2.001923077 0 78
78486632 98916087 2.021501952 0 79
78996891 99001416 2.007779282 0 79
79749804 98969877 2.006362599 0 80
80277365 99029115 2.017090783 0 81
80701776 98984164 2.022397632 0 81
81103355 99045560 2.018454189 0 81
81838007 99077677 2.051844756 0 82
82122597 99009805 2.005381395 0 82
82666028 99050528 2.026374543 0 83
82792086 99058832 2.525224161 0 83
83535225 99138224 2.044802026 0 84
83814163 98973621 2.041958167 0 84
84187650 98968660 2.033950687 0 85
84334912 99104929 2.037627515 0 85
84928121 99005445 2.033490579 0 85
85211995 98993339 2.032208724 0 86
85548083 99006499 2.023217007 0 86
85655252 99154922 2.052457703 0 86
86156742 99023881 2.051001805 0 87
86315928 99091517 2.035969640 0 87
86648404 99120595 2.033115789 0 87
86796472 99066574 2.032208058 0 87
87237053 98993133 2.033447511 0 88
87632030 99148782 2.047252556 0 88
87817554 99242784 2.048437905 0 88
87740149 99058721 2.031237989 0 88
88212264 99076682 2.045222183 0 89
88421147 99043719 2.044466034 0 89
88767476 99284115 2.060901832 0 89
88789515 99178513 2.121759441 0 89
89032801 99030910 2.042157001 0 89
89455580 99164670 2.034406894 0 90
89550973 99276283 2.045196244 0 90
89783832 99331245 2.056608878 0 90
90122706 99360500 2.052529311 0 90
90414239 99356822 2.084078188 0 90
90501377 99300936 2.050619049 0 91
90485701 99229406 2.058520028 0 91
90700080 99119624 2.070570835 0 91
91078522 99336937 2.064483867 0 91
91081769 99205048 2.057836418 0 91
99078588 99446623 2.121778697 0 99
91402839 99124937 2.066466673 0 92
91419056 99192531 2.064208557 0 92
91598758 99275532 2.067216764 0 92
91735426 99307334 2.066346221 0 92
91998734 99335107 2.065784125 0 92
92244674 99344404 2.078912628 0 92
92252682 99316824 2.077649896 0 92
92243315 99254887 2.078323810 0 92
92556924 99229542 2.089149329 0 93
92544577 99128904 2.062697265 0 93
92829078 99360021 2.100683389 0 93
92730581 99233485 2.075101464 0 93
93146641 99454399 2.083573788 0 93
93020488 99271862 2.086090096 0 93
93463428 99457513 2.092139673 0 93
